Dolores Ortiz 59
J3CP9 486664.05 16 0.32 21.59 -29.32 13.37 6.81 5.54 -27.82 -5.22 -7.65 -27.81 -5.32 8.73 0.09 29.27 0.87 -21.04
PR446 960315.15 18 29.49 -19.37 -27.99 7.85 -14.34 18.40 4.27 -29.00 -18.95 14.43 29.36 -27.51 0.47 -27.05 -25.05 22.29 -16.52 -15.00
E2NRC41 784448.58 14 26.50 2.86 19.87 16.10 23.97 -25.86 -1.54 -1.55 8.83 -12.60 -1.61 0.45 -23.52 -29.04
H3L7FUCJQ 574729.23 5 -23.36 -28.96 15.55 0.82 25.19
BPOZLUX5 177003.50 13 -0.99 -21.75 -8.04 26.38 -14.75 -18.39 25.52 -6.15 1.74 -20.19 0.87 -3.16 17.83
2FTQSG1O0F 441122.69 9 -11.66 -1.34 11.52 12.46 -11.70 -23.68 8.51 2.86 -0.40
FZLP 581526.70 19 -6.48 1.84 24.27 -15.51 18.77 14.50 -1.83 -6.96 -17.30 0.86 3.81 9.88 14.12 11.51 4.84 29.04 -9.65 16.74 11.79
NK3X1KS 160764.24 11 -5.58 -20.30 0.39 -23.44 -10.64 -5.95 18.13 6.53 4.60 27.56 -3.41
N79S4Z 115318.21 16 -6.18 -11.14 -5.07 21.87 -11.79 5.63 10.50 -2.91 0.11 -14.29 -2.29 -29.85 -16.68 -29.66 -23.34 12.30
1PB7E 849188.45 2 -12.71 -19.07
XX1B 462060.42 6 19.29 -21.89 -17.40 8.53 8.98 4.42
2IF6NX3B9O 601542.28 19 -24.75 -6.25 15.54 -4.45 -12.07 28.44 9.29 -9.09 10.77 0.08 22.49 24.28 26.51 -21.57 -23.58 3.17 -9.39 -24.54 17.65
1FIS7L 659044.97 14 -0.50 -3.61 12.89 -9.80 -11.93 16.30 -25.31 -17.43 -23.15 17.00 7.59 -22.29 -11.11 -27.38
1D13DARPK 353560.55 2 -14.57 -3.25
1KGP0Y 224286.99 14 -15.68 -14.59 -17.11 -10.46 24.35 2.18 -7.17 -2.06 -21.85 27.74 6.19 4.05 27.14 -24.89
A95S3UN9D 784090.82 19 1.54 0.63 -25.57 22.36 -2.24 -19.62 -16.01 9.33 12.26 -5.56 -27.86 -29.05 18.03 4.31 21.15 -7.17 -9.62 -28.73 1.02
2UNAAODM 157506.40 1 -23.13
IXMAU 843620.82 4 -1.93 -22.27 -11.38 13.78
2SE0Y 760180.61 6 18.98 26.08 -23.38 -29.63 -1.87 7.57
2D664SP 190383.83 19 -17.66 -23.74 -5.08 -21.21 -16.29 -6.60 -10.86 -2.46 22.86 17.51 14.78 -7.50 -11.89 -27.42 14.93 19.23 -19.00 6.28 -29.19
BQOPI 511372.29 10 -22.90 -14.81 17.98 15.76 -12.91 -2.01 -22.44 0.94 9.42 13.14
JF0LTK3AVC 54190.89 3 29.95 -8.03 -3.90
JW2Y577G0 351736.65 12 -26.60 28.05 17.67 27.76 -22.44 -6.15 -19.22 -11.84 -16.25 6.45 -15.25 27.38
Z1WUZA 441332.29 15 -20.56 -0.09 9.54 11.87 26.81 -22.47 -7.46 -25.65 22.73 -0.65 -24.12 18.28 10.85 -10.03 13.56
PNBFKUT6OQ 340730.96 4 -14.05 -18.98 -19.86 -22.77
3RTYO 805874.89 9 1.00 9.22 7.03 10.57 7.95 13.35 -21.39 -16.04 17.48
2226WIHLP 418819.59 11 -16.22 20.93 -2.74 7.80 8.15 9.43 0.04 10.27 -1.74 21.95 -28.18
26QCVQK09 286622.55 20 -5.12 16.44 7.54 6.00 15.26 -27.30 -10.40 3.61 26.93 28.00 -12.59 22.51 13.46 -24.69 -28.95 -20.76 7.99 10.08 8.07 24.33
CN27IT 162385.94 15 -6.11 -6.49 10.81 -23.17 25.48 -25.61 28.61 -28.44 -21.35 -28.26 -9.40 -13.31 6.74 4.76 -21.19
MTFY2M1PZ 235908.31 12 -28.93 25.90 -2.65 -0.17 13.78 3.34 20.81 -14.19 -21.11 2.92 -4.73 -26.39
1HFY23H5D0 951642.29 20 -0.27 17.64 -9.41 -27.25 -14.02 12.57 -22.01 -10.27 28.31 -21.78 9.17 3.28 -20.64 -29.01 5.82 -8.72 -2.51 -6.28 -2.55 7.70
M75YUR 74602.64 2 -6.07 -17.56
RJIZFUDRGX 6233.46 7 -16.49 -4.15 25.87 -13.49 11.17 -18.92 -2.82
UOQNQKU9P 202893.79 6 17.70 -15.77 -0.24 13.86 -1.90 -7.10
1N5O53 287369.29 5 -28.33 -1.26 19.35 6.94 -15.71
NXKG46JF05 954618.96 3 -1.91 24.86 -9.43
HQJA7Q2GN 372342.16 15 10.94 15.61 13.74 1.75 -1.31 12.94 -21.41 4.08 5.69 21.81 21.41 27.62 -2.17 12.71 -28.96
O19KL94M07 603041.45 19 25.18 8.55 16.19 19.34 28.83 29.93 -12.05 -15.34 16.66 -13.51 -23.18 -7.26 -24.14 -26.64 -13.28 12.25 12.44 -24.57 0.34
FYDOO47 565207.75 3 29.89 -4.29 24.66
9C9IUCHAR2 923468.91 8 -7.76 -1.25 -2.55 3.05 -21.18 -1.12 22.33 -28.18
YUF74CZ0 12119.13 19 24.78 -6.24 6.94 -12.25 -10.66 15.68 -22.64 -13.34 6.14 6.13 1.51 2.13 -28.00 28.10 -27.14 19.46 -12.67 -0.37 9.39
HU18BD 29526.45 6 -14.39 -19.11 24.37 -2.05 -29.98 -5.59
4V01 402447.96 5 25.67 0.49 -4.69 -11.84 -9.97
PEWJ 951172.24 15 -27.00 -11.19 14.45 -9.11 -1.19 -5.97 10.13 1.35 -15.49 2.29 -3.66 -26.09 -18.82 -10.25 -11.03
T8XXC6H 67220.96 17 -14.93 19.72 28.69 18.17 26.19 -13.83 22.11 -28.10 12.01 26.04 14.28 -7.77 -28.68 -19.13 22.24 -19.81 -22.53
2GJ5Z 55200.42 4 -7.09 0.48 -9.09 24.11
AN2UMAB 857248.20 2 -24.74 -21.03
84J8476ISL 86515.07 3 -13.60 -26.70 -4.73
72ZO 343806.49 20 -23.00 7.33 -13.95 19.96 -13.49 17.30 9.77 22.38 3.24 -6.27 16.28 27.47 7.99 -28.37 -1.49 1.77 25.53 -13.57 22.61 21.49
R801EHWB 793593.13 16 22.33 -4.86 7.34 -20.60 27.91 6.59 -18.37 -20.63 15.77 -29.68 -18.90 -26.24 2.31 13.91 16.94 26.86
6F8XC3FOJ 857866.88 17 21.48 -13.77 -10.56 26.20 10.73 10.23 -0.70 -23.18 7.96 -29.12 -28.81 9.95 13.10 3.68 23.34 -22.13 11.44
2RYYQHP 56067.96 18 -25.35 -22.74 16.81 -11.12 -27.37 -14.96 10.17 12.37 28.00 -6.18 14.74 -7.18 -23.21 19.17 28.94 0.80 -15.89 -16.95
UQU0 845932.22 3 21.82 -1.94 23.50
7LZOEW 88580.49 20 -16.72 13.24 -1.64 2.23 -8.14 -16.47 29.90 4.61 -27.19 28.23 -23.75 8.18 25.04 11.58 -17.42 -5.91 4.63 11.63 21.46 5.42
0WVVHK 599856.39 18 25.26 1.55 16.28 18.14 10.37 11.43 22.33 21.27 27.00 -13.13 9.12 -27.51 -8.20 10.47 -18.38 15.53 21.07 4.69
XLP9QGO3UL 581438.06 1 12.64
CM8Z8G6IL 601375.62 12 -16.60 -22.32 -1.76 21.32 7.76 -26.11 5.39 -5.42 18.07 -7.00 -0.61 26.76
5OE9M 234455.52 13 2.00 28.03 28.51 -23.86 14.32 16.46 -0.22 -22.63 -23.79 -22.26 15.83 0.32 -27.38
769BYQ4 11191.51 6 -28.49 14.38 -4.25 14.22 -8.43 -20.61
