Isabel Trivez 70
GF3EV 279171.61 4 1.67 22.53 2.31 -9.13
FQJDMQVK6F 583647.73 20 16.02 10.28 27.57 -3.25 -5.01 -16.73 -17.32 -23.01 -0.40 12.87 -3.60 -23.51 20.20 13.75 21.06 13.58 -27.66 -12.52 3.65 20.33
5216Z1BW 475503.61 16 0.99 -11.91 -13.31 -15.34 -26.93 -26.45 7.02 7.22 3.82 -17.51 28.46 -3.70 -14.41 -4.43 -24.51 -29.10
ICP63BOZOM 926882.44 1 3.10
9L8JVW7UMW 35032.89 19 9.23 1.66 8.59 18.87 24.34 17.96 2.77 -4.27 -13.90 -14.60 28.13 -18.32 1.48 11.82 22.84 7.41 -19.39 -14.29 7.21
RQBVD 696067.03 10 5.21 10.18 6.51 26.89 11.38 14.03 26.05 0.24 26.08 4.82
PUABS 534781.22 15 -21.08 6.28 -5.56 23.22 -15.03 -0.28 29.68 20.95 11.14 -1.78 27.69 24.90 9.26 -9.35 -18.01
JDY8J495OQ 345475.99 20 27.15 -27.32 29.91 27.99 -20.03 -18.28 -21.84 9.90 -16.59 12.34 -20.58 -12.87 4.02 -14.81 26.73 7.00 5.33 -28.94 -18.57 -14.64
IRZY 603729.08 10 -0.38 -25.24 -20.36 -11.44 1.73 19.33 -16.83 -21.97 28.25 11.23
FZQS8Q 575516.01 19 -25.35 -10.96 -17.66 -24.29 29.24 9.25 3.29 13.86 27.21 -18.95 -25.31 24.95 -0.96 -29.53 18.33 5.83 17.66 23.55 12.93
7R26815C 403474.74 12 1.35 18.77 9.58 -7.49 10.13 -1.71 -27.55 -12.06 -21.48 29.24 -15.08 -29.95
C08HWXMI0 493260.41 12 16.12 -29.89 -18.49 -4.60 17.27 -25.48 -2.73 9.83 -2.78 12.23 -6.88 -18.05
17FDASYFWX 885170.72 3 20.98 0.44 -15.60
SPSH2W 834092.13 1 -29.78
IKS8XYANPC 728742.89 3 20.64 1.50 22.48
SLFRNYJH6V 495241.23 1 0.82
JT4QLEA 270813.09 1 -23.09
5VZDSH 940787.06 8 -17.76 20.08 23.15 -4.84 1.53 22.38 23.11 -10.82
VNR7IP3S 10003.14 7 -16.08 25.12 11.95 -28.98 -17.64 -22.23 -28.45
48D60 181369.64 15 -17.28 9.31 5.67 5.68 4.74 26.67 -4.89 -25.14 15.71 2.50 17.40 -29.59 2.36 -15.23 -27.96
DZHC90OZ 187732.37 6 18.91 -6.08 -7.66 -2.86 -23.41 -11.41
J134 919362.94 8 16.79 -10.62 23.75 5.85 -24.98 26.38 -26.35 -11.55
8HG71 3087.38 10 -0.04 -2.36 -3.26 8.51 28.11 -17.57 10.75 -1.69 14.55 1.14
6QRAT5 991683.61 2 -15.04 -12.77
2XE9UK 68826.53 13 -3.63 -4.30 -27.92 29.28 4.57 24.40 -10.12 -25.61 -28.60 18.03 -2.16 -18.65 -9.85
GTP6ZZM 128174.55 10 -22.96 10.40 -1.07 -8.05 15.72 -21.59 -22.46 5.86 1.58 -24.74
JZP8 185039.25 7 -2.19 -29.11 8.57 25.50 19.26 -27.60 -13.82
RE9LOE3Z 778755.55 20 17.45 -28.15 -19.61 2.69 27.25 -29.24 -24.65 14.89 22.81 -14.63 10.45 -1.36 15.14 -6.58 -4.84 10.78 -26.09 4.80 27.55 13.85
LO871J 894528.30 9 9.85 17.93 29.87 18.36 -18.02 -3.17 -0.10 -25.26 25.83
5XH4XL 899543.86 13 -19.10 13.99 -20.46 5.79 24.96 10.53 7.18 -25.77 -24.06 -12.10 17.65 17.48 -0.72
2P7R5 901169.21 7 -25.89 -20.73 -7.84 -19.85 8.80 -20.39 -12.85
ITS826 189046.13 2 12.46 17.59
NVEN4FMU 82363.67 1 -22.69
D3LXZ 500468.52 11 18.77 22.83 -23.90 -19.02 29.84 4.86 22.12 1.61 -12.35 -11.79 -13.20
LK7V 617332.54 18 22.00 -4.29 -0.42 6.35 2.06 4.17 -26.04 8.55 -5.82 -24.68 18.07 -25.82 -4.57 6.61 2.29 -22.75 24.61 -26.61
YEZRS8ZV 103739.73 15 23.71 8.25 28.70 -8.38 5.83 -23.15 -10.39 -6.76 24.16 -13.79 5.41 15.26 -19.61 -10.70 19.21
9B1OGB 986319.04 6 -7.44 5.54 23.93 8.18 -9.71 -13.82
7L2M 232105.58 3 22.59 16.10 -20.84
NJBIKM8 44267.56 15 22.39 -22.38 29.73 8.72 -0.98 -20.93 8.58 -27.39 26.20 -12.07 -29.43 3.31 24.58 -21.75 -25.89
QS4FUKBCZY 253573.80 19 -14.23 26.34 8.83 -1.08 5.08 -24.10 11.97 14.71 -10.65 8.74 -23.55 12.37 -12.18 29.35 -2.02 14.22 10.41 13.18 10.63
I3TESJ3X0 796532.70 19 -16.21 2.36 -9.94 -15.62 -9.29 14.91 -22.68 -7.37 28.06 -15.43 -9.48 26.82 -20.29 -29.45 -26.92 24.49 18.94 -14.27 -14.71
BZGP2LP 228203.74 1 -27.70
JLGV6HHN 355499.11 14 -19.97 -17.43 18.38 -11.03 -16.63 15.55 12.82 -15.47 -3.86 12.27 26.16 15.38 -5.02 -13.71
W0M35U0G 526043.25 11 -9.60 -14.80 -18.49 14.24 3.12 4.96 3.49 -17.33 23.98 28.05 -17.34
MSFV9E3 132692.36 17 9.49 -24.71 19.47 -3.38 -23.34 12.39 -16.65 17.76 15.91 23.87 20.10 -17.46 -0.53 -14.10 21.05 6.93 -19.97
AJRGYKJ5 528133.85 17 -21.09 11.19 2.14 -12.40 -5.56 -19.45 23.40 22.98 11.74 -28.47 14.70 -14.29 -17.07 -18.56 7.90 -7.07 28.78
RCB5TCRTT 731860.80 16 -2.87 -15.93 -25.21 -20.63 19.07 -24.72 -19.71 27.89 23.14 -3.51 8.68 0.55 -14.48 26.20 18.34 -18.08
WNRZ8W8UFB 172251.78 9 -12.55 -16.88 27.79 9.07 -28.41 -29.02 -21.00 -18.53 27.28
97CA7NQ 308968.16 15 -25.59 -25.43 -24.66 -23.51 -4.94 1.88 24.36 29.59 -17.19 -4.04 -7.24 25.59 -10.40 -10.87 -17.01
5ZPZTKH89 353073.47 8 -1.00 0.42 27.34 11.01 -3.70 -18.13 -13.86 -7.82
Q6WJCMBVHF 580285.87 10 -7.16 22.91 10.48 17.96 -14.19 10.69 -21.92 29.15 -12.01 -23.43
BU7THLVDOE 512441.97 19 -7.44 11.48 10.73 20.74 18.85 25.88 14.27 -2.02 -21.70 23.69 15.93 5.31 14.62 18.40 -20.61 -28.85 -14.22 -10.26 -7.94
D3SA 432751.82 15 26.01 -21.25 -25.80 8.11 -28.25 -19.51 5.05 -22.16 -18.19 -22.13 -15.27 -16.64 26.29 -10.76 1.15
853V 683111.73 18 20.89 -13.99 -27.91 19.59 24.16 -13.07 -20.75 1.35 4.41 -17.32 -3.19 -28.58 28.34 -17.80 -23.62 19.37 -4.52 24.17
AIDJABH 824878.77 5 -28.21 13.29 20.07 -25.40 -28.49
QMTMV 806312.00 14 -5.67 -16.81 -2.67 14.88 -26.59 -27.70 29.02 25.78 -11.49 -20.70 -28.76 -29.05 26.34 5.29
C5XJK1Y2O 913000.26 18 -16.55 4.67 24.84 14.31 -12.48 29.43 0.93 -3.94 -8.13 14.50 27.63 10.27 -13.04 -24.04 -17.18 8.23 13.08 29.83
QN3FF0V 296521.51 3 -25.14 2.68 -19.84
YO77QFKG 975283.70 5 -6.61 8.44 11.20 -19.96 -18.29
D0WYAS3XBY 254269.67 2 -8.06 -21.02
JDCKSE1 276626.84 20 20.26 -5.54 17.43 16.37 4.84 16.95 -0.51 22.45 -8.90 29.23 -18.72 -14.98 3.29 3.79 24.38 27.40 22.12 -27.91 -16.77 -25.35
SZNIY 791446.03 15 18.81 27.61 18.99 9.86 25.91 21.04 22.12 29.13 20.70 -19.61 20.18 2.32 29.65 -17.40 -12.16
MR7SA1EK4R 800072.06 17 -7.09 -19.95 -23.26 21.14 4.40 -18.56 21.55 -25.06 -8.08 -10.69 -26.62 3.79 -6.39 17.52 -1.07 23.37 0.97
U7ML6 600346.71 12 8.58 -2.34 28.64 -14.43 20.82 13.52 -0.23 -3.33 23.85 24.81 22.01 -17.31
MBTV 707518.56 20 -1.50 8.08 -26.84 12.20 -16.04 -18.37 0.13 -1.52 4.56 -2.74 26.90 2.79 12.09 -2.21 8.73 5.79 27.28 22.13 4.32 27.56
3B5HLZJNGW 315387.04 19 -24.54 23.58 -23.78 12.37 14.71 -4.15 14.15 -18.33 24.74 2.00 -11.18 -24.98 -5.78 -19.46 -2.07 12.68 -12.20 14.63 -26.65
DZ264IO 632672.55 3 -7.31 9.99 19.38
NW103 336743.88 10 23.00 -15.97 3.94 -16.39 -1.90 29.53 -13.57 19.26 27.47 -6.21
CUD8YPZQA6 412011.74 10 7.72 -13.44 -3.29 -15.54 17.38 18.74 28.35 -29.31 -2.78 -21.78
D8P6JI 928944.26 6 27.59 -2.46 -24.01 -17.07 -3.22 -14.06
