Ana Ripado 83
ZRH3F19 445085.28 8 1.64 25.45 -26.21 -5.38 -12.47 -13.65 29.19 11.13
V6X6FC8N0J 168701.43 8 19.41 10.57 -13.47 26.92 3.42 2.65 4.00 29.59
FJH34FYR 830406.59 4 21.30 -15.89 -11.06 -24.82
V6KE38 820029.21 7 13.69 -4.33 21.48 21.58 -7.71 -16.43 -20.93
HFX0V5PZ 393161.80 14 21.19 -15.96 14.67 -8.45 9.27 -20.82 29.14 -6.03 -18.78 7.47 17.54 8.85 14.07 -5.77
0UU74 465349.41 8 20.97 -5.34 -13.59 21.42 6.82 15.17 27.52 24.91
BXE9BSC9WS 117913.90 6 29.10 25.98 29.67 -13.45 -3.80 3.69
MNVZ6OQ 536943.27 5 -28.37 26.57 -10.89 22.95 18.56
HW27KFD 986300.85 18 -27.72 -12.80 -4.67 2.01 -20.01 -9.79 -4.47 -5.58 12.25 -16.79 21.96 15.43 5.49 4.15 25.89 -23.70 22.47 -29.33
JSJR6 87955.24 4 14.65 -8.81 -23.38 2.91
96C9 459753.61 18 3.02 16.76 -11.96 -10.67 28.03 28.74 15.62 27.02 3.33 11.74 -6.95 28.80 27.25 8.35 -6.10 27.47 -9.96 26.81
8MF25X0 441419.06 1 9.22
CTCRR 257112.02 5 -11.90 -20.44 27.73 -11.15 -8.30
N4EL9E 419342.65 1 -0.08
1WH9JAWE2 216496.30 5 -8.49 -11.25 -7.87 15.77 22.31
629WKDNONA 823727.17 20 1.44 9.75 7.27 0.58 12.28 2.87 27.51 11.63 12.61 -27.15 -6.85 29.25 -2.72 -9.45 11.60 -28.07 18.79 23.35 -6.98 -4.77
XM8764 164576.54 6 -5.55 28.61 28.63 -0.22 11.89 -24.90
AFGK6FB1PS 182696.12 18 -16.95 -7.23 -10.94 -6.39 5.26 -4.04 29.71 -27.40 4.07 -6.69 -13.15 13.36 24.64 -1.76 20.15 -14.46 5.32 -0.52
XCWI 743133.32 20 -28.29 3.62 3.29 -5.08 22.77 4.10 -29.15 1.34 23.71 18.82 0.91 -13.45 23.00 -25.61 -24.95 9.57 28.45 7.86 -3.41 -14.98
0LKR 457844.31 11 -9.07 -15.84 -2.37 12.74 -25.12 -16.76 29.04 -19.01 21.24 -14.39 11.25
NJD3MK6M05 82551.68 4 -8.02 28.20 -13.82 28.81
P3VCKBWX 542650.91 8 23.48 -14.64 22.70 -0.43 9.84 -21.56 15.72 8.86
8XITJ 28961.73 10 -16.52 18.35 16.65 -17.99 -4.44 8.64 21.88 16.51 7.98 -23.79
SJ66 55994.97 7 24.15 -23.67 17.50 21.34 -16.26 -15.08 17.19
834KJ6Q 782831.87 9 -17.31 0.29 23.55 25.08 14.08 25.41 16.56 13.82 7.06
VL8X8TV5AF 583642.48 1 -20.11
B0PZJ3Q 397227.27 6 -19.77 -6.83 -1.28 22.28 -17.00 -29.04
3RKP 243480.13 11 18.32 -11.56 -27.93 -14.97 -6.20 24.39 10.34 23.44 5.13 -14.65 13.07
CX2OFO5I1F 627010.17 8 21.77 -8.01 24.10 -2.46 21.70 27.94 -2.23 1.45
QHJRR5EW 951651.23 11 1.10 28.60 18.49 -10.62 -11.85 11.72 12.76 20.98 -2.83 29.83 -29.37
7LMJCCPS 489913.35 6 -2.08 11.55 -17.95 15.24 24.96 -28.20
TD1KP 995777.47 4 -2.39 -19.09 -14.68 -22.33
BSC5N 886978.39 14 -24.93 7.51 11.90 21.16 -10.55 1.64 6.96 5.59 22.11 8.94 8.27 -12.72 -19.91 -29.40
FIET1KE 883477.90 20 -21.82 4.06 20.00 -26.58 -21.43 -13.48 -8.38 9.70 5.16 3.99 25.86 -25.07 27.31 27.01 29.42 -7.73 28.56 -26.35 21.83 7.95
LEZCF 776551.94 12 12.68 -0.73 23.85 24.47 9.18 -16.18 26.42 -23.87 12.82 -3.69 -8.13 6.87
IBMJLM 232042.76 8 -18.89 -10.31 -29.52 19.17 28.67 3.74 17.82 -26.22
0QGOJCCTR 678042.74 18 12.39 5.27 17.23 -0.25 24.03 2.40 -23.05 -12.99 -9.28 2.74 13.93 -3.48 -12.54 -24.54 -2.86 -3.80 25.95 -2.36
AF98BTK5G 958027.34 4 -13.69 17.15 -14.53 -26.39
43M1 470874.10 13 -29.76 -4.71 10.70 -2.42 26.39 -17.76 -18.76 0.39 0.54 -15.14 21.93 -7.77 -26.57
Q5F31E0B 447569.94 17 2.12 -24.51 -0.71 11.21 14.97 27.82 21.41 24.13 -9.63 2.21 -14.42 -28.91 25.85 13.11 -1.80 13.20 -6.52
N6GO 864112.12 15 -12.83 -28.81 19.17 -13.89 -12.80 21.56 15.91 -14.81 -5.06 29.15 -25.70 16.25 5.90 -9.10 18.31
OLB57 901127.59 5 -25.23 18.97 -1.05 21.50 25.93
WUQX1V 331629.37 17 18.05 15.49 24.48 9.46 -16.15 -13.56 -18.55 12.71 12.46 -25.29 15.66 -20.07 10.62 2.58 13.18 10.42 8.59
OFPV9PRI 220298.86 20 -15.13 15.97 20.65 17.75 -14.61 21.00 -3.37 -10.28 24.34 18.03 12.59 22.95 19.38 -2.31 -10.56 16.27 12.97 -29.69 -5.23 3.71
RWRK8NV 964077.05 2 -6.09 6.06
IJXVFO49 142119.70 13 -8.11 9.95 -13.69 -13.26 12.67 -6.97 0.90 23.45 21.02 18.88 17.71 -0.77 16.27
AG5DBY 173540.67 13 -6.15 28.20 -17.90 6.37 5.83 -14.72 -8.34 0.30 -23.52 -5.37 22.00 -5.05 10.63
Z76UO9J6RS 585998.37 14 17.50 8.42 17.36 15.66 -21.70 5.61 -12.58 -18.33 -22.14 -2.35 27.21 25.33 -11.20 -27.45
8C8Z62 186113.33 1 -3.39
L7MTDRC 105189.53 11 17.65 14.75 6.28 6.13 27.68 -1.58 -7.93 20.16 -23.30 -24.52 -19.39
DCIWLX8KC 570325.13 6 13.06 -8.34 21.96 -3.18 7.80 22.26
08KIUW 859802.43 17 29.88 -0.80 8.89 3.48 -27.12 9.14 12.63 17.20 7.09 -19.58 25.84 13.94 8.04 24.09 -9.06 5.06 -9.37
HR3Q58FDX 70280.80 19 9.34 15.33 -14.12 17.80 20.94 2.00 23.17 4.82 13.68 15.57 0.23 0.58 -25.85 -29.21 24.36 -12.46 16.07 1.77 -3.98
JBO36I43 910004.73 13 -25.75 -17.45 1.63 -27.71 -20.32 17.41 -13.11 -26.93 6.93 -17.39 10.05 -17.68 24.28
VJ04S2P50 422195.00 17 -17.84 -10.45 3.36 12.38 17.36 -12.32 -16.97 -14.59 -0.44 -1.31 3.29 11.77 6.95 -22.65 -12.66 9.57 24.40
S3Z8Y56WM 169489.57 14 13.00 -5.47 -22.51 -21.76 -24.80 7.05 21.03 2.33 23.10 6.25 22.36 26.99 6.09 -29.54
SHKF 765977.14 10 -4.71 -20.02 -25.22 22.32 20.96 12.79 -18.62 13.60 22.22 -4.74
JC9JRB1B4 418523.56 11 12.04 25.34 -23.07 -21.02 -27.34 -18.47 -17.85 -12.65 17.01 -8.36 0.71
CLIXBP6TY 718801.57 15 1.82 0.71 -19.21 23.99 -16.59 -3.22 23.48 -11.59 -15.82 -26.94 -15.72 29.84 29.70 24.79 19.68
QM1PT2F 24459.46 20 -21.23 6.73 -11.21 14.95 13.09 -3.47 18.66 -24.48 -0.60 28.96 -26.33 -17.19 -5.69 23.01 -10.10 -25.07 -7.30 -27.28 -26.30 -0.50
GYKMHSV 136362.61 3 15.49 -22.99 -13.10
AP5UJV7 532624.80 20 23.09 15.00 -0.12 -16.03 0.89 -17.99 17.53 -14.24 -19.98 -1.26 -4.16 14.15 -8.84 1.13 -19.08 10.65 21.40 -10.50 -21.51 -29.80
PMRC86M 926097.67 17 4.88 27.59 22.46 1.46 9.09 23.91 -22.00 -0.52 4.00 -18.45 16.14 0.42 0.91 27.15 -27.31 -12.46 -13.93
D7HM1HKK2R 922788.55 10 -4.33 -11.31 -4.85 -23.51 9.49 23.45 -16.57 -9.44 29.91 29.22
U5R32H 495611.60 2 17.80 -24.82
6B69V74CC0 860009.41 13 24.03 17.43 -13.08 -13.93 27.23 28.57 -25.05 4.50 -23.62 -11.25 -15.73 -26.02 2.52
RNVYTYIBL1 23245.76 10 29.07 12.95 2.65 19.33 12.07 -20.50 -28.09 -26.61 22.39 13.45
5KSIXTW3 92485.17 7 29.58 26.46 -16.58 -22.73 23.76 23.80 14.07
7C25B 825237.97 18 1.02 20.93 8.64 6.87 27.56 16.56 -23.25 -0.45 23.05 15.13 -11.17 20.01 12.98 22.14 24.92 28.56 -24.21 -17.30
EVXWQUR2 861720.84 11 17.26 -17.63 8.08 27.24 -28.23 1.40 -10.47 29.23 8.68 -23.79 -4.69
ZWA2 683096.61 10 -23.46 -23.42 23.88 -2.23 29.06 -18.59 -4.44 15.78 10.97 -0.69
KSVPU3M6LJ 325575.11 15 -8.80 10.56 -29.08 -2.34 13.86 0.49 -8.52 11.21 26.39 13.47 15.49 7.60 24.73 16.16 -18.38
RVE6O4OTTC 643381.82 9 -11.96 -15.60 -7.88 -5.10 23.18 -20.73 5.89 15.45 4.23
VKTGHH5IB 62246.62 10 29.12 -10.13 -28.68 -27.68 22.08 8.55 16.14 22.29 28.65 0.45
ICTB 561880.95 6 24.41 18.79 7.67 -15.86 13.36 -23.63
NCWP6QI7W 576339.13 13 18.78 -17.86 -23.67 -29.94 4.40 25.87 -18.26 25.89 29.21 27.88 -24.99 28.87 11.88
0YH77 740297.92 1 -21.14
VI3JJC5SKI 465987.44 9 2.66 -7.56 16.34 -12.98 -0.32 -3.93 8.90 22.67 -4.60
KC30 732076.26 20 26.02 26.52 -21.33 -2.72 -14.25 -10.82 20.21 12.52 17.08 17.39 18.64 -4.24 10.97 -19.59 0.81 26.95 -11.43 -5.12 -6.53 20.19
8QY2K8ZZ 484815.16 7 -17.13 -10.60 11.70 -8.00 4.56 -0.87 -13.15
8LNWW 94455.77 19 -26.02 27.56 8.40 -22.35 -25.64 0.91 -15.95 1.22 -27.67 29.63 -0.87 -12.56 -15.88 -0.83 -3.45 12.40 15.17 -10.53 17.80
4TUTANVFNH 567515.39 1 -5.05
PE4RQ 245430.02 16 0.05 -25.35 28.83 -11.89 -12.73 -9.43 3.43 15.70 5.24 21.66 22.08 4.08 -19.11 -29.37 -25.23 8.28
