Ivan Ascarza 9
2V2YH 680131.46 12 -14.57 -1.49 26.36 -19.18 -12.35 27.54 9.48 -15.81 10.77 -7.35 16.55 6.93
J5QVQJ4R5T 521258.67 6 8.02 10.32 -4.55 -3.83 29.40 -27.38
K5LXL 204361.94 10 9.84 -7.13 -14.07 -14.01 14.98 -25.84 -21.34 28.17 26.53 27.48
OMDPR2OD 79277.18 11 -24.58 7.30 -29.64 0.38 -0.64 22.03 23.79 -7.84 10.59 -28.07 24.31
ZK29JUNT1A 388131.53 16 -9.01 -0.25 -7.92 -28.69 -2.45 -7.23 24.99 -5.29 27.48 4.07 -11.57 -20.53 -28.75 2.38 27.82 -23.63
9VLHJS 108260.16 8 -0.24 18.72 10.90 -25.71 25.98 -9.37 -24.34 10.51
LYGEXBV 678138.63 2 6.70 -4.81
DHHKH3KT 581016.35 15 14.06 -10.95 8.02 -29.26 -7.56 9.13 -21.92 0.86 11.70 -5.06 3.46 4.51 -26.19 28.74 -19.31
K3ZBMWE8 297153.32 16 -21.18 9.51 -9.61 1.62 -12.77 -24.12 -27.75 9.47 28.58 -11.62 28.87 -29.47 7.55 -2.29 24.66 0.77
