Alberto Matamoro 22
BLTX9 443012.01 14 27.55 0.93 -6.26 8.23 1.54 10.12 2.63 0.05 -28.50 11.59 -18.07 -6.04 -6.29 -17.28
E31WIR3 149370.54 19 5.66 6.42 -18.60 26.98 14.22 28.01 -16.57 17.04 -11.54 -7.23 10.62 0.80 1.83 -1.83 -6.01 -7.57 -20.67 -20.61 -26.36
GXAS3 953555.65 7 27.78 9.50 -27.47 -22.46 -1.91 15.17 -21.30
1QVTZH 803540.28 6 28.31 13.05 6.92 11.17 27.38 -29.14
4YOSI9P 631508.81 2 25.19 13.31
VH4XC9S 402271.62 16 -3.75 27.80 -19.21 7.92 1.26 -21.83 -9.33 -27.06 21.19 -15.68 -9.06 -9.93 11.78 -19.86 15.76 -22.91
OQPR 57333.69 9 26.79 -1.01 -17.66 25.09 -17.21 -7.40 -23.36 -13.71 12.30
4S93FA9 67513.02 11 -28.99 8.30 18.66 25.20 -26.80 22.33 -7.24 15.09 -11.49 -7.65 -27.46
R0OH3 852659.81 12 -23.44 -12.95 -3.35 4.17 3.59 -24.09 1.03 19.39 -26.88 -17.25 21.31 9.18
ST8JJK 849815.30 17 -2.85 -19.08 20.95 -13.53 -7.75 11.79 -15.55 -8.98 10.06 -20.89 23.18 -5.71 0.54 25.63 10.27 -19.48 11.56
ZWOA7 73666.85 1 -6.26
W7LYM 756443.34 13 27.80 -24.24 22.59 10.44 -0.88 1.11 16.49 28.98 13.69 -29.70 0.45 -29.18 -28.81
1ZKN3ZTGF 987432.95 13 9.10 7.51 3.46 29.46 -3.31 28.75 26.65 15.17 24.94 -25.78 -25.65 -12.19 13.78
TDPV9ZXE 927082.02 20 18.63 -4.33 -15.14 15.72 10.04 2.91 -19.50 -10.04 -3.67 -25.36 -18.18 18.44 5.47 -14.68 11.81 -16.20 22.72 21.19 5.70 -20.31
XYVA 922495.52 18 12.04 28.29 -2.15 21.48 24.00 16.60 24.99 -22.28 -6.41 4.58 -23.30 -28.23 7.57 -8.91 8.78 14.25 -27.05 7.90
H3IFYA 561251.81 8 1.46 -17.70 25.63 -23.77 -20.86 -20.96 -2.38 2.25
2HYQSXTHP 400218.32 19 -27.96 -6.39 7.11 16.67 -16.18 11.25 -24.55 -28.36 -12.77 -21.29 -5.00 15.36 -25.90 -6.41 -18.74 4.93 -19.96 8.79 -12.17
HMDQ 765405.54 17 -26.22 -12.43 24.29 4.16 -5.45 16.14 3.53 -26.06 -3.82 -21.71 10.73 -14.69 -7.10 12.36 21.30 15.75 3.96
6WA1MD0 565898.59 10 15.80 -22.24 20.63 13.42 27.53 26.47 22.16 3.69 -29.72 -10.30
87SKZVYXY 504433.38 5 -23.58 -0.30 21.89 28.04 3.97
BUCVTNP01 536520.88 10 23.46 25.28 -20.52 -20.73 -3.72 22.31 5.87 18.50 -22.13 19.27
AH3B0EXU0U 335663.23 16 26.74 3.09 25.33 -19.14 -0.32 24.92 -12.36 13.87 -3.07 -0.31 9.20 -23.89 -12.98 8.62 15.14 -17.30
