Alvaro Baldor 17
ZYHSHPU 852743.37 15 16.24 21.72 5.88 0.16 10.24 20.67 28.50 -13.49 0.69 -26.55 -25.28 29.83 24.83 -6.39 -13.89
1FYL 100320.80 14 -13.22 -1.03 -7.95 5.71 -27.44 13.68 -26.58 17.36 -9.82 -28.38 -4.14 -4.79 17.39 8.67
DQOG 441011.16 15 8.75 10.72 -16.65 -25.17 16.25 -5.51 -14.87 5.50 2.25 20.35 15.54 1.77 -26.29 -4.15 -10.25
QB1YED7GWQ 307667.66 3 -19.29 26.04 1.40
WRBFRYH 416965.49 16 -14.48 -25.37 23.90 17.75 -27.06 -0.69 -18.44 16.06 18.11 -26.16 -18.49 -11.82 24.75 18.13 20.08 -17.08
YT0DCR7C 426531.83 9 -18.56 -16.91 4.70 25.02 -15.51 -0.36 3.16 -2.81 9.89
W8D7S 52854.30 7 -15.42 11.82 27.41 -15.93 -26.24 -14.55 -13.12
7CFD 429790.99 19 -24.36 16.26 -4.24 -3.45 17.71 4.67 -20.16 19.48 -11.98 -4.33 7.12 22.84 8.65 0.79 12.70 -20.12 -3.49 2.29 -24.04
MZIGOT3 783908.10 5 -29.03 -28.87 -16.92 25.83 -28.89
DD9ZXVB 379023.64 12 8.39 15.49 -27.93 20.29 2.96 7.85 5.15 22.94 -13.90 22.48 -7.32 -23.66
Y099 259965.07 14 28.00 -22.89 -0.18 25.22 -21.54 -25.82 9.12 26.90 18.17 -19.09 19.60 -24.75 -8.39 -28.26
QRMOOY 79039.99 18 -14.59 -3.69 -18.27 -25.52 6.85 6.99 -20.50 9.70 -24.39 17.92 -5.01 -24.27 5.85 -7.91 -4.36 21.79 -4.14 24.04
243W5 702492.38 6 -21.63 -21.70 24.95 -12.75 -1.27 -25.77
6QOZZDGBP 612532.92 1 27.75
8TJF 731207.20 5 25.09 2.10 -6.65 -21.96 0.99
AN8GU0M 799447.64 3 -18.21 9.89 24.54
O51B6I 387113.11 5 22.39 -5.67 23.19 -22.24 28.15
