Dolores Teresa 40
VA9WB 638516.93 11 4.44 19.03 -1.06 0.30 -19.38 13.71 -13.16 -17.99 21.16 -12.57 -21.13
7SX3JGP1A 953105.66 17 22.94 2.95 -29.66 -14.72 -15.23 -3.60 7.55 23.55 -25.08 22.43 3.12 11.62 18.74 5.55 -2.32 -23.46 -23.25
UK1DEFP7PB 163036.68 11 27.31 20.16 -0.38 25.31 3.25 -16.76 -28.87 17.21 9.95 12.01 -9.51
0BPVDTW0 812221.74 4 6.72 29.61 16.87 6.32
4SAYRKNO 35258.90 10 26.04 6.88 23.76 27.76 26.21 25.41 21.50 -6.08 13.54 27.45
I1IX7FY 886435.52 8 -17.34 18.53 -1.46 13.87 25.81 -27.71 18.65 3.81
T6JL7QWWT 810418.31 3 15.75 13.47 -7.05
FY9H5N5 611216.61 2 13.83 6.10
EUMOPEJUAT 298581.38 7 16.73 -19.80 -3.43 -5.61 27.98 -2.25 3.83
ENOVIA5 992079.25 15 12.27 11.61 -7.64 -18.64 -26.16 -7.14 -24.63 -25.01 18.63 2.14 0.55 11.12 10.40 -17.16 -9.20
4DPHP80 49811.58 7 7.47 1.21 24.24 -23.65 -23.19 7.17 29.10
PL6W 461704.54 15 -16.66 -16.10 -22.26 -1.69 -15.74 17.71 2.87 -6.72 -15.74 27.47 -15.36 26.71 -28.35 -12.61 -4.85
GNZZ5 833135.60 9 23.36 27.23 -25.60 4.04 15.94 -9.26 21.77 -1.89 -5.29
KSI0K1 640826.71 1 -28.03
O15QV9KHLM 371966.67 10 -29.65 28.93 -23.83 -9.32 12.75 12.62 -12.83 6.39 19.67 13.54
F1AFEMKVDL 215083.29 4 -23.66 -26.25 -13.11 -23.35
SE2LKV 855818.71 15 -5.64 -9.51 7.84 -6.97 -7.62 -19.35 6.96 -13.83 -8.25 26.66 -9.27 1.51 -11.87 -17.32 8.95
XZ0GUC563 502101.20 5 7.21 -20.46 21.91 -22.97 29.36
TULLYCX7CY 534282.52 10 -13.47 6.06 11.47 -5.15 -19.02 -4.57 13.97 -14.89 27.95 -21.21
LS48NM6PFX 652705.45 18 18.79 24.21 -14.88 21.03 -5.14 -9.14 -19.34 -0.80 20.41 2.42 -13.21 -25.00 11.30 -3.75 14.02 -5.74 0.92 -11.78
9BLL3OY 146823.56 16 21.39 -28.25 5.57 -24.26 8.20 -22.24 -28.23 22.95 -2.70 -9.71 -22.95 20.01 -11.62 25.37 -12.47 -5.08
DHEMGWLN9F 740332.75 5 -13.65 26.06 -19.03 -23.65 -24.43
SCXW 350411.72 6 18.09 -0.75 8.22 18.38 17.43 -15.55
DU1T8IRNVL 209383.93 1 10.94
KD5U4PBLN 354601.56 4 -21.08 2.47 -20.62 18.97
RU9M4L5DB8 502088.51 15 -28.72 -21.57 -23.04 -21.70 19.95 9.50 5.28 14.81 -16.30 -17.89 21.85 -28.14 -27.37 19.64 -29.17
TRQI 181505.10 10 -20.35 -14.41 16.06 -4.25 -9.70 -22.48 -4.58 13.74 25.32 14.38
CN44HPK6TT 85296.85 13 -20.16 3.78 -4.04 3.01 -23.03 -7.10 -16.74 21.77 -17.04 23.22 -9.21 -10.56 13.74
XZFY 956714.76 17 -0.05 25.60 -18.76 25.28 -23.55 25.98 -29.44 27.82 6.39 -12.65 -17.34 -29.63 7.72 2.04 -11.30 -8.69 -29.73
1I3LE1JC 322491.54 17 -9.22 -26.88 6.86 26.44 19.55 9.13 28.66 15.41 3.61 -14.62 8.79 0.21 1.89 -11.72 25.71 17.37 0.11
BHH49D4DQ3 610537.25 17 20.38 -7.59 11.76 -22.50 11.11 -3.90 -16.14 -16.85 11.83 -26.23 -18.98 18.38 27.35 -18.36 -24.22 -8.17 -14.77
T5XRBUKIN 31210.49 16 -28.82 4.48 29.80 -3.46 10.69 -16.05 18.70 15.98 3.20 29.36 -9.75 -27.23 -14.15 28.28 -1.42 24.22
WOQX 871588.25 16 26.13 1.36 5.82 11.07 17.31 -7.27 12.70 20.78 -8.15 21.75 -21.01 19.42 -21.21 9.14 -27.88 -10.89
P100 381660.64 6 10.69 14.13 -6.35 6.06 -26.72 23.52
44L8MAS 69241.05 13 -0.54 24.37 18.34 10.57 8.01 -12.73 5.56 2.43 26.78 -0.81 14.95 -24.10 16.70
KJGNS6ITGQ 796214.63 10 -23.78 3.69 -17.14 -5.48 -5.98 -9.26 25.53 0.82 22.33 1.29
AH0AMA3Z 234294.88 2 26.93 -25.57
I947N 275835.75 18 -8.40 -16.10 3.93 -10.11 -7.81 12.86 19.35 18.07 -10.45 -20.49 -3.88 -25.33 17.34 -2.80 5.34 -14.80 12.05 -18.92
J126BPFS7 303910.48 16 -2.09 23.48 -5.30 20.68 -29.26 29.06 18.52 10.96 -26.74 24.68 24.85 -4.42 14.52 1.97 15.74 -11.52
7WA9688J 689178.33 19 -14.46 4.97 -19.22 -7.28 29.17 -21.35 -29.59 5.37 -10.09 -23.43 6.69 -29.13 -16.44 -8.66 1.35 12.96 22.33 19.44 -29.17
