Ana Ascarza 75
ULJH 527273.64 18 22.78 22.58 -18.95 -19.21 -7.45 16.15 -12.46 -14.20 -12.30 9.90 4.80 0.05 -21.57 5.35 -7.96 -20.73 24.31 -21.28
W68QCHQKF 703254.48 18 -12.98 -14.07 16.98 -0.80 -19.48 10.15 -29.59 -6.74 -28.17 -27.07 -17.67 4.86 -17.83 11.71 -3.29 4.05 -7.28 27.08
YY7CJGJ 963195.69 7 8.75 5.32 5.48 -3.31 -4.79 -16.84 6.87
ZGB7C7 611522.85 7 26.32 10.60 -7.65 1.88 -5.54 0.73 -20.37
GJY5 79405.21 17 13.47 -14.30 11.01 22.59 -8.15 -9.90 -5.91 -19.44 -22.29 -25.32 -29.87 -19.22 18.62 -15.74 20.86 -18.82 27.25
6LQP 830059.74 13 12.03 -10.89 7.31 -13.70 -22.55 -3.88 -20.11 -11.03 -10.68 -4.33 25.12 -1.03 -11.82
X8XJ00F7EJ 918918.70 7 28.08 -9.93 -21.90 28.31 -10.76 1.38 26.40
YSIWIHJ 253067.00 13 -13.88 3.25 6.38 -18.33 26.87 -17.11 20.22 19.73 -26.68 4.37 22.17 -15.09 -27.16
9SUONB2 489719.52 6 -27.90 12.28 -25.51 12.00 -9.26 15.68
MXGXF 51120.45 5 -7.33 -10.10 -4.63 -14.17 24.78
5T2SV25 755930.77 14 10.28 14.04 -29.00 -1.01 -17.18 21.78 7.91 -6.29 25.36 -4.22 -21.75 13.18 1.16 28.24
GH6638 94779.90 17 -26.25 -10.33 18.79 9.86 9.63 0.26 18.49 -3.28 -28.54 -12.47 26.60 -2.38 10.82 -6.83 2.90 -16.99 -22.21
VT7AWA9 751002.12 1 -18.08
OA871T 29614.14 5 11.59 -4.49 8.45 0.60 24.87
HNPXU6I 780510.64 15 14.30 26.30 -8.44 12.22 -27.19 7.90 8.49 -20.78 20.95 23.11 -8.02 -5.73 -6.49 -20.87 -21.20
43V3OPK 493756.44 5 -8.21 19.51 -7.43 2.54 -2.53
T4S2S0X 420964.00 17 26.59 -2.95 -17.73 24.44 -25.22 -23.53 -2.82 -14.56 1.89 -10.63 -18.56 22.56 27.50 -4.44 -3.50 -18.61 19.50
SEIILWNWVG 344682.38 10 -28.40 2.00 -25.32 13.09 27.60 -22.19 4.71 -22.46 -18.16 0.74
KGTD 637251.49 2 25.02 24.12
4G2J1YLW 803114.66 11 8.84 -5.67 21.15 19.53 20.19 -4.43 2.36 -12.01 11.80 10.79 -24.43
AFW4D2 114769.94 14 -1.59 21.31 14.98 16.99 12.97 11.54 9.25 -7.47 -29.46 3.44 15.38 -12.41 -7.53 6.91
14LFMI05T 173237.36 16 -23.03 -28.82 -10.46 23.29 14.62 -24.96 26.78 -16.65 9.06 -4.16 11.88 12.58 -10.73 27.87 9.59 -8.01
Q5RV637M 313001.88 2 16.96 -25.41
9T6WPRY3JL 600412.95 8 6.00 5.34 25.77 -12.02 22.82 -15.91 -18.40 26.29
CQ4M9 949135.80 6 13.61 24.25 0.74 12.04 -1.14 -25.42
C5AKAXYO 579491.68 19 -28.93 11.50 -4.02 27.92 23.37 -0.59 -14.74 -4.65 -29.39 6.25 24.64 -9.39 2.18 -4.14 17.46 -20.82 13.64 9.55 -17.09
LM989RKIM 8797.99 19 -10.24 22.71 -6.81 19.06 -12.12 -8.96 -23.10 10.49 5.41 29.44 -3.83 21.16 14.28 -28.50 -13.85 8.12 -0.26 9.54 -13.83
5SBKTZ2 530898.09 19 23.12 -24.49 -26.29 -3.04 -20.71 -7.87 20.07 -9.13 -10.60 -24.78 9.86 10.04 28.08 -29.85 -26.82 -2.58 13.37 -26.93 23.31
479NZ9F1 176493.57 12 -25.11 9.04 0.20 4.73 -24.65 8.66 -8.76 -9.16 6.47 17.46 25.60 -13.22
KUVO4KM 189858.83 18 -14.65 -13.29 -7.99 -28.87 -14.42 24.43 -3.85 21.07 10.25 15.12 17.95 27.43 -28.31 -10.60 -0.28 -18.21 7.76 17.69
1YO6VMD1XZ 896891.22 8 -20.43 19.82 -3.95 -29.57 5.38 -5.12 -26.93 2.00
3TTB4O 391049.55 11 -12.10 9.63 -9.32 8.28 -26.15 21.51 20.93 24.27 20.78 15.69 20.45
ND4IBMHC4 647677.06 15 -11.93 -20.93 20.92 17.46 27.08 8.80 -21.29 27.25 -24.49 -17.50 2.27 -8.73 29.17 -28.74 12.05
93HRR1G 161953.71 13 1.40 -21.13 -5.80 -2.67 13.28 -24.61 25.61 -7.22 22.18 -10.99 -28.90 -8.16 -4.25
DC48 336926.25 10 8.36 23.85 5.90 -24.02 19.04 0.22 18.59 -17.25 -26.49 7.84
ZTIR3 281226.36 3 -21.54 -28.27 -26.09
6R31L9E 941781.93 4 -20.61 12.45 -16.93 -4.88
QNGN9 934347.52 19 19.63 29.99 -19.95 14.89 -1.94 -1.88 28.93 28.86 12.29 15.92 4.69 19.54 -11.77 -5.35 -23.86 14.79 -17.31 21.23 -26.35
INO2J1 184144.04 6 9.47 20.90 21.65 18.31 14.11 26.99
IJ9AVD 166547.51 18 -23.11 23.49 -10.83 -29.88 21.69 -23.66 10.58 -29.06 -28.37 18.23 14.90 -18.31 3.46 -25.78 -7.90 8.94 24.56 24.04
29U4MC 600842.22 5 -26.45 -1.01 -6.93 18.72 -1.04
CBE1E8O 704708.03 5 11.96 -11.33 12.93 0.42 -29.47
IIT47P 481724.37 5 25.84 -14.20 -13.73 2.34 -9.32
H698E2 100170.09 4 -8.59 -3.82 -1.60 19.32
DY3LTJKD 750701.91 8 -22.58 22.80 24.42 -0.58 -27.90 18.28 21.53 -23.45
AWVM4PJN 647412.88 10 -22.41 -8.73 -24.44 8.89 16.02 9.67 0.59 -11.45 6.94 29.80
WGZJX3 511515.72 10 -9.49 6.18 -23.67 14.59 13.77 -5.45 19.77 -17.76 -3.72 29.84
KFVJ1WZK9 972686.45 9 8.50 -20.66 -23.95 15.03 24.87 29.20 -14.10 -5.95 25.89
O9ETSY 851925.67 6 -16.29 -9.38 22.28 -16.85 11.64 -28.80
XH7NAYI 796358.76 18 -24.72 -13.52 17.58 16.89 8.60 -16.72 18.99 -21.03 -22.01 10.11 14.29 17.25 -28.52 -0.17 9.56 11.84 -7.95 25.02
LAYBNS217 490376.06 17 2.38 3.71 -20.11 -25.41 24.85 -9.87 24.75 -28.25 -22.15 -16.86 -5.48 -22.71 -18.63 20.70 -12.36 14.09 -7.27
ES40E 636344.84 16 7.50 26.70 -19.10 -11.02 -18.36 -0.03 28.72 -9.12 -17.28 27.62 8.03 0.13 -15.47 7.76 -13.90 -6.36
49U95 987527.57 20 -4.16 -19.52 -22.00 13.77 11.43 4.95 26.63 29.56 -26.94 21.64 -13.33 28.80 -27.32 4.18 4.43 -2.08 -27.27 1.68 7.85 -14.30
K4XPC54B4 539932.57 9 -0.59 -25.35 28.01 -0.43 3.57 -0.47 -27.62 -4.97 2.73
AJ0UENL38 747899.59 18 -21.82 -28.02 11.79 -9.36 -14.05 3.72 -12.84 2.86 -28.63 8.87 18.06 21.50 13.03 10.87 -4.90 -24.45 -24.62 15.45
BJ4K 62325.21 16 28.12 -5.19 2.80 1.81 -23.63 -8.53 4.79 25.06 6.78 -11.77 12.05 18.70 14.19 -7.02 -27.87 -22.00
HJCHX 515228.46 4 1.55 5.80 -29.95 0.95
F4CH 178772.26 19 10.10 -1.06 -9.71 -28.25 -0.83 -14.68 27.33 4.18 -22.02 -29.87 -6.62 -16.80 1.05 -21.79 9.68 -15.04 23.21 9.74 -25.95
0CCY8H04U 199283.02 4 -15.80 -26.30 15.62 18.77
J4QRALWIC6 623705.45 6 0.66 10.07 29.43 24.72 12.86 24.89
QFGILYG 115336.49 9 7.73 19.59 19.99 -13.30 -4.39 21.95 6.28 10.83 -29.92
YMNJDIENL6 262668.73 13 14.92 11.66 -5.71 6.79 -19.61 -19.71 -4.69 -13.57 -19.74 -16.71 -20.55 15.48 -27.38
E0NZB 478168.67 14 15.30 -2.21 19.70 -11.63 -28.26 -0.17 -7.22 2.90 -8.22 -28.01 12.92 -15.63 22.52 -27.48
DBC6UAJ 825073.95 4 -25.78 -5.24 14.90 14.73
E841I8A6 209492.32 17 2.92 -5.67 16.43 -13.32 0.76 -28.59 14.96 -8.94 -11.84 10.37 6.28 -8.71 17.01 17.78 -23.91 -25.67 20.25
WNBEDZ 77211.88 6 23.62 19.13 -24.13 27.20 7.03 -27.98
HDZFXL82 561863.51 2 -1.43 17.14
T0ITWL3 917853.68 19 9.28 -20.00 -16.13 -25.86 -0.64 16.91 -11.54 -2.47 17.91 14.79 11.42 4.44 -24.39 11.30 -6.24 25.70 13.74 -5.27 9.62
8U10PD6 433030.41 17 9.06 9.66 2.24 24.71 -23.10 -14.76 16.91 16.52 21.93 18.42 -7.42 21.15 15.18 -26.24 0.47 3.41 23.23
W83NK0KR 395480.15 20 -6.19 -13.41 10.36 1.25 -8.99 -12.49 20.22 -12.44 4.71 -22.76 17.53 -19.41 26.67 -0.30 22.33 27.40 19.40 6.55 -10.77 1.43
0Z11 875515.10 2 -28.75 17.19
F14OHXF 198972.26 7 0.69 6.61 -17.63 3.69 23.28 -0.62 11.81
KDHW5B2N 16209.70 16 7.56 13.89 11.89 19.26 -21.03 -27.70 13.04 13.55 4.06 -29.78 17.03 22.68 18.91 -1.02 -15.78 -6.22
FBYR 31271.89 13 -21.88 27.81 -8.44 28.49 -3.56 22.73 20.88 -28.72 -19.75 12.67 -8.87 27.21 17.26
MCWFZTGNS4 492051.24 14 19.26 -22.33 -8.45 -1.15 -22.59 18.67 -1.81 7.16 22.15 5.22 -5.40 -2.65 -28.22 13.98
