Dolores Purti 47
9ZOVV 400819.66 13 19.05 -4.47 -29.06 -8.84 23.34 9.52 -3.07 18.30 28.38 17.98 10.19 3.14 1.90
SRGR8P4 122845.38 4 21.41 18.02 -16.01 -23.02
UGOS 258429.72 14 -2.71 15.29 3.21 27.65 21.61 10.20 10.05 3.30 -26.03 24.51 -17.55 -3.65 -19.72 -11.96
R253J 839263.11 13 -10.37 20.19 -7.95 -12.16 29.49 24.75 -0.20 -19.73 3.81 -23.82 -27.07 20.88 -7.80
P5U4DP 906286.50 13 -3.56 -19.45 7.79 24.04 20.27 -13.07 -23.13 -10.18 -7.50 15.94 -8.12 -5.82 21.03
JVFE7VNYE 61114.78 11 7.87 0.29 -11.91 -23.04 7.35 5.82 15.53 6.38 -29.48 1.75 -21.99
5YZVPJYM3A 702156.04 8 10.92 8.85 10.74 15.71 17.42 6.14 29.70 16.13
H35WYNK6L 930782.61 9 21.93 5.78 22.20 18.51 -12.49 0.02 -2.01 -10.52 1.74
TL3JX3JYR 898438.46 5 -2.19 22.59 -18.44 8.49 8.52
812X3R7ZU 500342.39 3 27.43 -18.00 8.74
0K6KMF9L 572458.14 9 -23.61 -28.81 -11.40 -28.70 -26.25 9.95 22.70 15.92 -24.61
99VB 408593.38 9 23.00 26.89 -25.55 -10.78 -27.01 10.90 -23.57 24.78 -12.16
FY07QRZZ 458103.36 3 -25.31 -1.46 20.04
2ADMOXOD4 875224.56 6 19.76 14.48 -14.29 -19.10 -25.10 -18.40
PBHFZB 559090.02 10 -11.89 11.72 -5.17 -1.55 -19.84 -22.66 9.42 3.75 -17.41 18.11
XPR3SSS9X 579744.72 14 -19.37 27.92 4.53 18.06 9.08 13.12 9.06 -9.56 -10.20 -8.97 -16.36 -15.89 -27.99 10.17
J32E 601547.28 11 17.85 -24.22 13.17 -4.31 -8.58 -6.16 -21.93 -3.26 -28.14 20.76 2.48
OAPH 226527.21 8 29.46 0.51 -16.18 9.37 -17.02 -15.44 -26.38 -18.63
DNNZADL9BF 141498.96 6 -3.15 -19.59 -8.54 -13.68 -23.47 7.98
ZCTO8927VA 172419.03 2 4.91 9.98
NQFX 393894.27 3 -7.74 -12.56 10.99
JBGAQ 524456.38 20 -14.75 14.09 -19.25 -9.24 6.99 -25.43 0.35 17.37 4.22 9.05 12.18 12.92 18.93 -27.04 6.88 3.74 11.53 4.51 4.83 17.38
OBST5C7 954078.91 13 -11.69 -28.29 -11.21 28.94 -17.89 24.01 -14.94 28.49 2.71 -9.14 -11.59 23.84 29.22
LI7SX 142822.29 18 -28.32 -10.88 11.11 -0.91 -19.97 21.55 -19.53 -3.65 -0.17 0.20 -9.02 -28.70 -23.94 12.63 -3.66 -22.51 8.66 -8.59
I0V3NLZG2 844829.66 12 19.35 -26.38 -24.07 -14.07 -19.80 -7.09 -20.90 -24.62 0.68 -14.58 -12.82 19.92
WV7UWQ 281375.53 2 5.74 -13.79
UO0W1HA4 397528.31 12 -27.30 -23.94 6.41 17.47 -15.99 7.23 6.01 -5.18 -0.37 -13.83 -23.41 -16.75
TYLCXVKF 108451.79 5 10.05 -24.45 -17.89 -0.28 -8.26
U32VM1 957417.11 19 -14.96 14.46 -18.59 -20.50 -7.06 -26.53 -29.21 21.28 -29.33 -15.96 -17.07 14.56 -2.89 3.44 -27.50 -29.29 -13.81 -2.68 9.24
JQXCOBUK 932360.54 9 -12.54 -10.32 -26.03 0.36 23.41 -21.61 24.66 -12.75 -27.57
JKV5 310263.42 16 17.33 -28.75 -16.88 8.03 -11.09 18.21 -5.24 28.18 -11.28 -16.87 23.66 2.36 22.80 11.02 -5.75 -10.35
WT3VH 139761.82 18 14.87 12.68 -4.91 -14.18 27.59 -1.16 -27.58 -25.92 -3.38 -5.56 25.19 -24.03 4.33 -25.06 -13.80 24.52 0.28 15.60
5SGR 197645.24 1 0.65
BL58FDP 544130.50 15 23.56 -5.18 -29.57 3.41 18.70 -29.13 9.92 17.61 -2.85 1.43 18.91 -18.28 -23.59 3.52 -22.84
HSD5ZMB 556858.10 17 -17.41 2.53 19.16 -16.36 -4.75 -4.69 6.88 -10.08 -27.62 -21.14 -10.14 -27.10 -12.44 9.80 -24.41 11.20 23.53
GH4Q3SE7 771760.65 10 -26.83 -5.43 -15.55 25.63 -28.64 8.40 4.64 6.56 12.13 5.46
4BDPO 678836.20 8 -26.93 6.55 -6.27 -7.94 -8.42 18.52 28.30 -1.47
GZMXOJYFFN 51573.34 3 -27.38 3.27 11.57
2YP6 87404.02 6 1.84 -26.78 -19.18 -3.09 14.21 25.77
5710E 449046.51 4 -29.44 -14.58 5.35 -9.58
98ET130UVR 24735.76 4 -8.65 -14.57 26.60 -28.44
116V3HZGJV 478491.84 8 7.60 -19.50 14.48 23.60 -27.36 7.01 4.55 25.50
J08V6E63 823488.96 12 14.97 4.63 -17.05 8.19 2.87 -5.67 23.83 15.41 -0.29 -27.11 1.71 -8.87
YPJNFP 741097.52 15 -6.96 4.37 26.47 -29.88 2.88 4.41 -5.51 21.61 -17.37 20.63 -8.11 -28.62 18.55 -26.94 11.46
TAFH924 907403.15 11 -9.66 4.52 23.81 9.41 -4.00 -12.31 14.97 -7.04 -19.44 26.31 7.97
HLUJ 260849.13 6 -5.76 -7.12 -23.72 -28.69 -11.60 -26.67
L4GJUXUE 228513.78 15 1.78 -14.34 -14.17 -15.14 28.41 27.87 21.69 0.60 24.92 -23.56 13.98 -5.37 -28.15 -25.90 -14.21
