Concepcion Vea 56
DB2ONK2QRM 368283.23 3 10.53 28.74 -4.51
AE285VA8KQ 963380.09 11 8.82 18.29 -21.67 -26.01 20.11 9.85 -19.28 -23.29 7.59 -15.75 9.23
9ZUMH84 588678.36 20 -1.49 0.78 -17.42 -15.88 -23.14 -25.63 29.00 -6.86 27.44 26.25 27.99 0.77 -23.17 10.95 15.49 -18.15 10.45 -17.84 24.72 20.38
PTMMASLP 508480.55 16 -25.99 15.74 -9.81 -24.38 8.30 26.69 -28.76 6.79 -1.43 -15.00 19.22 -14.01 -3.93 4.70 4.90 25.30
JP9AYE 300534.05 4 -2.81 8.30 14.05 21.58
6P88Q512 790669.32 6 -15.63 -3.93 -14.93 -12.80 -26.03 1.75
SC9A 438583.79 17 -11.91 -17.44 5.50 12.49 -1.50 23.12 -29.46 -25.19 28.68 -18.50 28.13 7.05 -15.69 10.20 22.86 14.67 1.84
F8SIECHNM6 351325.52 3 10.98 23.60 -23.24
OR12C 918248.89 20 20.08 -23.74 -13.16 -9.81 -29.33 -7.52 14.23 -15.97 -28.86 -23.74 -23.07 -15.23 12.80 -2.76 -0.11 27.95 21.68 -28.61 -14.72 -15.44
4BRWE72 466687.57 10 -2.98 26.27 -22.21 -25.19 -1.60 -13.18 -9.48 -7.58 -28.74 -24.14
Y5S6B 835214.61 15 -22.04 -0.57 -15.22 19.92 5.83 -23.97 17.00 -3.50 22.65 0.70 3.49 15.26 -23.51 9.15 29.37
2VB4 761952.90 18 14.32 5.25 18.27 20.51 24.81 21.14 8.75 -20.13 -20.21 -17.46 19.67 -25.68 13.45 -15.55 2.79 29.47 23.33 -6.21
09O4QUK1 894098.89 19 -26.27 3.58 27.98 -25.95 9.00 11.29 -1.99 -28.19 -18.66 28.19 13.41 -2.31 -3.13 6.81 3.60 24.26 -14.38 15.39 -22.12
B1PH1 421483.27 6 4.18 20.81 6.58 -23.60 29.58 0.64
FM5UPOU 769124.74 7 -16.29 -22.71 20.40 -6.98 26.21 10.87 -21.41
9YQV64NX8 130429.98 1 18.12
H3FDWP 878857.80 7 4.40 -2.92 -8.80 -1.15 -21.99 7.85 20.68
90TQ 541220.99 1 26.63
S1DT 879992.15 3 18.99 -29.55 26.65
2VQ3P7 555655.26 19 28.84 -6.54 8.01 11.17 -3.59 -24.86 -27.55 -15.38 20.67 -18.09 25.12 -20.47 -14.16 13.46 -22.20 -13.26 9.88 28.77 4.82
ZPU7NJ 166555.47 16 -9.66 22.07 24.36 27.48 -5.25 -16.38 -26.70 14.56 4.36 -25.63 3.23 25.50 -23.00 27.03 -24.25 3.36
0HWFQI25 558345.74 1 -29.13
T92F3GDR 753447.61 17 -11.33 -4.43 19.18 26.35 23.44 -20.06 19.82 5.26 11.27 11.15 5.23 -6.50 -15.08 24.27 -8.65 -4.70 -15.16
TGI3DYFR 438773.02 17 -2.54 4.20 26.06 13.69 7.63 27.49 -11.15 -28.83 15.02 24.43 16.78 -26.71 12.92 -18.66 22.18 -4.43 8.78
5143U3IA8P 953842.56 15 -29.18 -4.11 20.41 4.62 29.80 4.03 -10.68 10.23 -20.79 25.44 17.19 -17.24 -14.29 -18.17 16.34
NR0989UMA 173541.33 14 -0.15 -20.73 -3.30 8.36 8.69 25.15 -12.82 -12.69 16.85 -0.85 26.81 -17.52 -16.66 -26.36
SSCV 505167.43 3 -4.11 -11.63 -13.50
7IAWY6CAS 801650.01 17 8.98 11.70 -9.50 -9.77 26.74 21.22 -7.22 28.95 -16.72 -25.30 5.81 15.29 -4.13 -2.06 1.51 -4.35 27.30
61AVTD6PJ 79494.58 11 -28.35 4.69 20.91 7.29 -22.54 -4.16 28.89 -18.10 -26.61 18.74 4.08
ZWSF6 593656.32 13 -15.21 26.13 -7.01 4.97 22.03 20.82 -22.78 11.28 4.27 26.12 -11.64 -0.92 -0.31
2X66DGYQ 342435.67 10 -24.59 -19.21 -21.75 10.16 4.71 1.93 -10.46 -11.84 -18.50 1.96
09CDZ7 858767.21 5 -5.33 23.21 1.65 17.31 1.53
7KYVD49J 253844.72 11 21.90 -1.36 18.44 -19.51 -8.41 8.50 -19.68 -13.71 -19.64 -26.68 9.00
L4V77V73NN 219467.10 3 14.37 -16.31 -25.93
N58GZM6 473533.75 12 1.93 -25.48 2.91 -4.75 0.39 -14.77 19.72 -13.32 -18.88 21.03 -16.89 3.75
GM20XW 620742.38 4 -21.84 24.92 -28.66 -27.57
D7T5TDXA 913484.78 16 -0.60 5.52 -20.72 16.20 -24.79 -6.86 -17.84 1.42 3.70 0.70 26.37 15.18 3.06 -12.01 20.83 10.75
UIVW2UZ 359780.19 4 -8.89 4.27 16.00 24.30
QXCJI 265047.72 17 4.99 -16.94 4.69 9.53 7.91 -0.71 -2.75 21.24 -0.54 8.87 9.11 23.56 -17.70 12.38 5.41 27.62 21.20
4BF65PED9N 353059.25 15 -24.90 13.15 -29.49 -24.06 6.83 16.68 -26.73 -13.81 13.96 2.79 7.99 26.71 25.49 22.81 29.74
GX4ISTL6U 825712.53 2 -14.71 -4.37
4YBG0NXK4 56939.12 2 -13.77 -21.58
WYOBBM 425953.07 10 22.56 3.23 -21.92 1.06 -9.93 0.07 9.74 -12.94 -17.55 26.46
E7TV1HR 547203.97 2 -15.47 -23.44
1TAA9ZX3 794195.18 4 -15.55 18.52 3.25 16.46
O1352QP5 455741.57 17 -6.32 -26.72 -27.06 28.39 -4.24 13.52 13.52 1.08 -2.02 10.52 -5.08 1.65 -8.65 -26.17 -4.39 -0.73 -24.21
30VR5Q20 203373.04 18 12.26 2.07 -4.16 25.15 -15.76 1.42 -24.51 -27.03 10.57 -2.55 14.37 1.05 19.59 21.16 -28.46 -0.77 1.39 7.08
H446 114576.17 9 -16.52 28.07 23.19 13.48 -20.39 -5.30 17.01 -9.43 14.61
6U9K7TBABQ 177159.42 3 -12.58 -20.55 11.25
IAWMEDFLPT 968345.30 8 22.50 25.71 -10.98 -28.63 9.88 12.51 -16.79 -9.03
V899NA 622600.85 18 15.08 2.06 -3.91 11.66 21.37 -20.54 17.13 -27.84 -8.65 -6.86 15.17 -2.21 -1.26 13.52 11.68 -15.12 0.41 15.08
OJCVV0 22758.75 3 -22.39 22.93 2.09
9OWNZV 83297.26 16 18.76 21.74 -4.23 6.28 -25.62 -24.49 13.67 -29.21 -2.50 -6.48 23.44 14.71 18.04 12.09 -5.50 -27.21
QVWE7NNUT4 192516.39 12 -10.53 -17.39 -0.66 -20.24 -29.47 -3.57 3.54 -0.12 -22.65 -16.48 8.67 -20.61
8AKPD 129869.17 17 -20.41 -5.86 18.21 27.40 11.52 0.52 -0.29 -3.46 -7.17 -25.90 -13.49 1.55 -29.12 14.40 13.94 -27.78 12.45
SMT31X4YB 781948.84 7 8.47 -15.51 22.19 -0.67 -13.54 -18.38 17.46
