Angeles Cargua 100
QWQMD8UM7P 751226.93 6 -12.63 2.47 -21.44 10.43 -4.11 27.14
5BYL1 183331.29 20 -23.11 16.76 -21.81 -1.72 5.14 -5.09 6.44 -11.01 24.14 -16.72 -11.69 -27.23 -6.96 15.03 21.21 -25.62 12.40 -1.64 -8.15 -13.62
EKJK8N3 978475.92 6 4.38 14.97 7.66 2.59 11.68 -11.99
6AZP 233366.02 3 9.89 -14.50 19.10
7QIO3 367637.57 12 -17.00 9.38 -29.82 14.61 -28.67 -19.61 -15.94 12.55 21.35 23.77 -10.14 20.17
22AMC2Z 415331.42 4 -17.14 -9.38 5.36 -13.74
5HUH3V 953968.13 4 -26.68 27.20 -24.61 -3.83
G8JZH6Y2 400036.23 6 -13.60 -17.28 -29.15 4.84 -5.17 29.04
N5VT 788490.91 1 10.67
5V18 477960.76 10 -5.33 -20.37 10.98 -8.99 -11.05 16.17 13.78 4.69 18.66 -0.79
MWJGYL 922210.17 10 2.79 29.64 -6.33 -5.11 19.27 -22.58 4.74 -12.40 24.74 -23.04
19PQ 954932.83 20 17.53 22.24 -17.47 -9.58 -8.45 -10.44 -22.45 0.71 -8.89 20.45 26.43 3.24 20.34 13.58 16.80 -0.91 -3.81 -21.43 -10.69 -13.91
Z09F2PU 862257.59 19 15.61 -16.81 0.25 8.84 -18.69 -28.23 -23.53 -27.02 18.01 -0.85 27.69 19.10 29.53 10.28 -20.41 8.40 21.08 -11.47 -11.10
3MLNFFN1P 69201.18 19 2.26 -1.87 6.13 -20.36 3.70 26.83 18.32 12.87 -1.15 1.16 -24.40 8.22 -4.68 25.52 -11.49 -27.72 12.59 15.72 14.37
ZO3X9X 921650.12 11 -7.04 10.37 -27.77 -3.88 9.78 21.03 19.50 4.41 25.33 -24.11 14.98
9KU5 467042.18 5 -16.84 20.08 -23.71 -14.95 26.54
831KG57KA7 717126.07 17 -12.43 19.42 -21.66 -16.15 -22.77 -25.12 7.79 -13.03 11.59 -9.21 -18.32 -2.36 18.18 -15.83 11.24 7.83 -21.97
NQCVP6R 339651.38 6 -4.24 6.66 1.09 -13.25 -12.76 16.93
DPDPY 974106.38 14 -8.71 1.34 13.89 16.63 0.91 20.96 5.94 -10.67 -2.51 10.84 -10.10 -18.94 -12.57 -1.48
JZ8NIKN 330609.29 15 27.78 -28.59 -27.15 -5.05 16.84 -7.14 -10.67 -6.97 -29.06 -2.89 9.96 -15.70 26.62 7.73 1.31
U2T07APU8 418518.09 13 3.78 -22.67 -10.31 -6.65 6.73 -11.84 -26.83 8.25 -21.08 1.89 0.71 4.46 -29.19
GK483CB 896565.73 6 -14.54 -6.46 -1.41 3.03 -17.64 -15.63
HDGLQF6347 174907.75 9 -16.97 -20.04 9.32 1.80 18.45 -10.71 -0.84 -7.77 24.69
P9JHRX5Y 955227.10 19 6.50 14.01 22.75 -29.70 11.49 -4.38 -14.47 29.21 10.34 -25.12 2.90 24.09 16.23 -21.60 26.32 22.62 3.39 -5.67 -20.23
OZ06OEKX 442854.08 12 3.17 12.73 19.03 20.78 24.96 3.96 -28.64 21.35 -20.95 23.74 -9.36 -27.48
BB7I3LF 881294.29 20 27.47 -21.39 8.02 18.04 11.94 4.82 -25.88 21.03 1.48 0.28 10.43 2.75 -20.94 4.16 25.37 -26.77 24.60 13.38 -2.70 -12.87
C26MJ0YLLU 449607.90 9 -28.43 11.50 -19.72 29.04 -4.47 -16.38 1.54 -12.14 10.42
QXMUC 270322.11 8 5.71 3.91 15.40 4.56 -17.05 -18.14 3.63 14.23
AF5YOLHPE6 762557.27 7 -2.75 4.10 -1.23 -20.28 7.28 27.63 27.46
R7ZMVWH9L 638671.45 4 -4.69 -27.67 -14.01 -1.32
EAQA 197039.76 13 -4.08 19.26 -19.67 26.69 25.01 25.43 22.45 -10.17 19.74 -4.06 -24.55 -23.76 29.51
BBQT49XUB4 514467.17 10 17.02 -12.45 18.32 -18.84 9.91 29.81 -1.37 -25.59 -20.33 -7.69
W10E2XI8MO 575782.75 8 -21.87 0.91 -17.58 0.13 -25.34 7.55 -9.84 -12.75
UGDN4OQ 261309.92 1 22.09
W3M499 538955.46 6 -28.39 20.15 21.96 -3.41 -24.10 -23.08
S94PC 199040.43 18 0.19 7.28 -14.21 -17.88 -3.94 21.63 25.56 -2.22 -14.96 22.88 1.65 22.46 2.01 -20.13 -7.33 -28.90 4.07 22.83
ERE9 244515.96 17 17.49 -17.00 19.83 -2.66 -3.16 -1.53 19.32 -10.47 -28.68 6.80 13.69 -13.67 -27.29 -4.96 -17.12 -22.60 24.88
UZ9CQF 452128.24 1 -6.40
UGKBF0 824768.13 8 0.21 22.34 1.14 -12.17 -20.08 -10.44 6.92 7.23
2YARRK83 249399.67 9 -29.05 2.08 -25.07 -22.35 6.63 13.53 22.70 -19.29 8.26
5TRJ 284976.37 3 21.06 -8.59 -28.80
MFIMF 501487.20 18 20.31 19.89 -4.62 -11.20 27.53 15.23 -26.31 2.16 -10.90 -6.59 -27.23 -7.62 17.57 10.01 -16.24 -24.78 27.86 1.83
HE2Z5SOO3R 437086.72 1 24.53
6890E8BC 451608.57 11 -29.01 -6.98 28.99 6.89 26.43 9.72 14.89 25.00 27.93 15.54 -12.30
5PCTW 18507.65 4 -25.89 20.02 13.61 6.63
SJ09 725770.60 12 27.67 8.78 7.50 22.60 -26.39 -29.62 28.67 -20.45 -23.08 21.67 -8.40 8.20
WZYOQQ 712325.22 7 29.24 -29.85 3.53 19.75 -10.87 12.02 23.48
EEG0QFSN2Q 503151.75 16 -24.46 14.77 -9.89 -24.83 -3.29 -10.12 -20.06 -16.02 2.76 -5.59 -2.89 25.38 -18.57 4.43 26.44 -9.91
QSHPZKU 22015.95 12 -3.41 -16.37 11.61 -0.44 -19.76 2.69 26.31 -17.42 27.13 10.11 -25.35 9.88
J4FMN 776590.36 8 24.01 13.60 13.87 -18.86 -5.64 -11.12 -2.77 2.22
40EB2QI49M 863108.91 9 14.94 11.79 -4.71 -19.83 12.06 -21.52 -15.80 -9.77 25.04
MWTY0G5MRM 555282.51 4 11.12 1.47 -16.39 6.18
G0FVI 345537.13 14 -23.48 -15.54 12.31 19.03 -18.64 2.29 -1.26 -5.95 -23.38 -12.21 -0.89 -19.41 2.66 -7.53
PH580JP43 285898.15 19 -10.00 3.90 18.16 -25.07 28.64 29.04 -2.59 23.59 14.05 4.91 13.63 19.55 -17.95 -15.88 -26.85 12.01 4.47 -2.69 28.15
HBGU8 733859.09 11 6.05 24.70 21.24 11.27 28.96 0.52 -6.82 -10.46 -1.32 -0.42 19.04
D0AQ1D 521432.90 7 16.12 15.70 18.64 29.97 -4.89 19.00 0.95
LZ0CU 911551.61 14 -20.90 0.70 -28.70 -1.46 -29.83 -12.97 4.99 15.11 -9.00 -16.06 11.96 25.89 -24.60 18.37
WQUYKM0 330276.21 3 8.27 -25.17 5.09
5FO6 777185.74 1 10.39
KNIMB1U 94146.33 10 -18.79 16.46 6.34 -19.42 11.76 18.87 -1.07 0.62 22.98 24.89
BEO929KBJF 242382.64 12 -4.23 4.42 -18.67 -12.50 11.97 4.31 -18.72 24.17 14.34 -0.86 -12.28 3.35
WZFYV 269918.28 15 -2.54 13.77 -25.17 4.04 10.19 23.77 -6.19 3.16 1.34 14.79 -0.12 -9.27 -28.97 -26.67 -2.43
23MD 777540.46 13 20.44 -6.25 26.43 26.08 23.84 -15.92 -9.05 22.40 15.04 -13.41 -12.85 4.40 17.80
4HAZ75Y3P 671663.17 10 -23.91 14.86 15.47 0.45 24.36 12.73 14.50 -29.77 7.56 -18.95
6I492YU9C 476521.35 8 -7.25 16.46 -6.30 23.57 -23.58 -4.98 -16.60 -2.82
UIT2M87WF 135.61 4 -29.88 28.29 0.29 -19.17
J83T 683152.06 3 1.74 -16.68 -27.49
FQPXYP5EW 574511.87 5 5.01 16.43 7.69 -3.60 22.95
7OP6 35283.31 15 -3.56 5.14 26.19 17.20 -18.78 -10.32 -8.32 29.56 -8.37 0.02 -7.98 -6.49 21.76 10.26 -8.82
49HI 759274.12 2 13.64 -22.12
W5S5YS5B 826955.26 1 8.41
6YJFP87Y 695409.30 19 -9.83 -3.11 -18.72 28.25 -27.12 -6.24 29.94 13.57 -7.45 14.17 -7.04 7.96 -22.07 -8.99 -12.43 -0.59 28.02 25.35 23.58
2PVC 221206.71 1 -20.12
R056XS 63852.69 18 5.85 -19.24 2.61 21.66 -10.98 -18.09 -11.92 15.05 13.88 7.18 -17.10 22.40 10.37 27.92 -17.05 21.55 8.62 18.25
109H2N3Y4 320632.64 19 11.48 17.06 18.55 25.81 13.95 10.61 21.93 -4.95 -14.54 -18.35 5.23 7.87 -7.60 27.67 9.61 -0.15 18.17 6.11 0.18
KGVD 731914.10 2 -16.57 26.32
OHKXK 672979.50 13 16.26 24.16 13.44 28.84 26.08 -29.43 -21.69 -17.40 -19.19 24.14 -6.79 8.33 -13.31
F46QCPF 118665.68 19 20.90 -1.00 9.35 24.69 16.82 6.45 -4.81 2.56 -28.34 0.93 27.65 14.32 -18.25 -21.09 -12.87 25.93 17.76 -14.46 10.00
MPQ7 387460.79 18 -3.28 -6.29 -9.34 2.30 -28.06 -22.91 23.59 8.00 -24.37 -26.65 -19.37 12.33 -1.12 -27.76 -6.48 -16.26 -15.48 2.20
P7E76O7 121679.99 4 14.67 -25.94 2.51 -12.65
KNIP 471691.06 6 7.83 17.20 -3.74 16.69 -12.84 26.29
RE9Q 292403.92 3 -26.18 6.72 -28.13
BIQ5Y7G8G 483472.56 1 0.55
2FDKWTDCU8 984326.53 10 -15.22 -7.56 -12.87 -9.65 -3.85 -19.16 5.94 26.08 1.81 -23.29
XGS1IN4EWP 911566.35 12 -8.90 14.90 18.68 15.66 -6.94 -24.18 14.18 27.27 1.66 23.66 4.56 -16.19
DQ917IL48 995111.76 10 1.28 15.40 2.55 -24.28 10.06 14.73 29.11 5.05 -0.91 7.95
FX75PL 980526.47 13 -12.12 -11.43 -4.37 -5.73 24.88 18.49 -12.04 9.57 19.01 16.92 -28.84 -5.12 6.38
2M8PL 591021.69 18 -27.61 -27.98 21.10 11.54 -3.50 10.07 -23.14 14.68 -22.39 11.30 10.94 0.73 -3.66 24.33 6.09 18.09 -19.93 6.80
51QH1K 254516.20 12 21.91 -23.46 -24.25 29.88 28.24 22.77 -3.37 -1.44 -20.76 -14.23 -28.51 -5.28
CG68TYRZ 268294.98 12 -6.39 -26.68 -17.06 7.91 -19.82 -15.27 20.24 -3.64 -18.99 8.19 -3.32 11.11
CD0D 758137.51 5 16.65 -17.55 -18.96 -5.58 -23.03
0ZBPL7YIO 912035.61 20 19.28 -13.23 -26.26 5.55 28.86 -18.20 -26.85 21.22 -16.04 22.99 -1.08 19.47 -8.12 -21.10 -24.97 -10.54 17.77 -1.21 17.88 6.48
MJW1U 563056.53 18 25.77 6.72 17.19 4.47 23.16 13.65 -19.65 -0.75 -15.58 24.37 -14.20 -7.44 -19.79 -6.98 -20.24 3.79 20.68 -7.36
PB3322AT9T 970615.04 1 12.17
2B59GH6B1 790132.84 9 19.60 22.99 -29.06 1.04 19.59 -22.67 -28.54 14.01 9.74
XDSS6D1F 502758.17 7 -20.98 -16.53 -5.71 -8.77 -22.32 -19.66 29.53
01IFKFPG 895517.21 5 -17.85 2.06 -17.07 -9.38 5.15
IPVG3227 3279.62 16 18.72 -29.25 2.02 22.06 -12.62 -19.98 -27.09 -9.57 25.23 12.86 28.92 -1.88 -18.44 27.88 -19.30 -29.77
UGKXM8 385377.04 11 -3.84 -5.63 -10.90 -13.22 -18.85 7.64 -26.30 1.84 16.30 -6.71 20.51
XKHKGT 242836.98 1 -21.72
