500 4886
26 46 91 69 33 113 68 84 81 85 74 117 59 45 113 60 36 61 84 23 100 42 100 94 16 74 113 120 56 120 90 87 50 84 84 32 41 80 90 97 41 39 66 56 120 89 86 52 99 28 66 17 118 91 14 35 21 71 69 120 35 17 31 115 78 64 42 94 94 72 91 72 31 21 14 85 20 18 107 67 52 33 69 29 78 11 70 46 70 106 44 57 24 13 68 62 57 114 119 18 91 51 26 87 60 54 67 44 92 96 115 79 72 61 76 87 118 119 120 95 26 116 49 102 27 106 71 94 31 107 47 117 68 10 22 68 56 84 22 111 54 55 13 112 51 36 59 23 34 111 74 90 102 73 36 91 111 117 106 120 82 96 42 65 117 85 15 85 38 101 60 118 51 97 73 116 79 21 22 99 15 41 110 13 25 43 103 67 87 48 67 92 104 94 12 64 32 10 25 38 31 92 65 20 19 10 94 78 78 70 35 76 19 57 15 17 117 24 113 56 17 106 54 112 62 29 120 105 72 117 88 40 57 105 82 53 55 52 19 54 60 119 37 17 42 39 94 108 111 51 53 69 60 58 87 98 110 65 84 13 92 73 97 105 118 110 19 71 47 66 36 37 43 45 93 48 56 23 84 28 16 69 22 65 70 17 69 17 91 99 105 56 69 55 38 39 24 117 48 119 102 34 92 120 24 92 80 57 42 30 70 50 48 15 57 82 117 29 99 120 20 25 91 70 60 82 37 104 75 25 15 68 73 64 74 57 46 89 60 60 76 10 59 107 78 92 22 98 25 64 30 103 115 105 75 120 90 91 97 114 34 90 38 19 87 82 29 29 97 33 80 120 12 114 12 101 85 85 74 19 47 35 38 59 48 104 84 68 71 82 79 63 66 47 11 38 22 77 57 33 49 22 102 34 17 58 110 45 15 105 12 84 17 72 73 56 81 102 99 50 80 55 62 23 22 100 108 54 89 112 14 111 120 12 91 37 21 64 76 100 60 101 108 70 54 15 95 92 94 115 67 72 65 23 67 44 13 59 54 96 37 96 64 36 102 99 79 67 70 114 39 17 102 94 40 43 28 111 61 90 100 18 74 72 72 23 16 12 67 53 83 19 80 51 18 106 19 99 57 11
0 8
0 13
0 38
0 40
0 91
0 152
0 236
0 302
0 309
0 317
0 323
0 371
0 375
0 381
0 486
1 29
1 48
1 74
1 94
1 119
1 123
1 141
1 143
1 184
1 208
1 217
1 218
1 265
1 293
1 307
1 316
1 369
1 378
1 400
1 403
1 438
1 470
2 69
2 90
2 91
2 173
2 179
2 188
2 235
2 260
2 267
2 311
2 345
2 362
2 383
2 405
2 426
2 444
2 447
2 451
2 481
3 87
3 90
3 143
3 181
3 196
3 213
3 220
3 248
3 249
3 250
3 266
3 275
3 312
3 321
3 334
3 391
3 392
3 399
3 404
3 441
4 56
4 57
4 71
4 79
4 83
4 85
4 106
4 132
4 148
4 152
4 159
4 176
4 235
4 272
4 274
4 279
4 282
4 346
4 386
4 447
4 453
4 456
4 483
5 30
5 84
5 102
5 133
5 140
5 186
5 198
5 232
5 243
5 303
5 310
5 401
5 464
5 479
5 480
5 481
6 53
6 60
6 74
6 77
6 82
6 95
6 113
6 157
6 161
6 217
6 274
6 319
6 359
6 386
6 388
6 389
6 442
6 451
6 462
6 475
6 485
7 30
7 67
7 126
7 161
7 179
7 185
7 201
7 211
7 243
7 245
7 252
7 258
7 269
7 274
7 309
7 328
7 361
7 369
7 370
7 373
7 406
7 412
7 437
7 471
8 11
8 46
8 91
8 98
8 100
8 108
8 121
8 132
8 148
8 163
8 190
8 229
8 237
8 241
8 242
8 314
8 321
8 353
8 365
8 374
8 393
8 398
8 464
8 491
9 25
9 29
9 39
9 67
9 80
9 81
9 83
9 102
9 164
9 169
9 235
9 267
9 299
9 308
9 317
9 346
9 379
9 389
9 396
9 398
9 414
9 417
9 428
9 436
9 443
10 17
10 19
10 31
10 51
10 75
10 84
10 96
10 98
10 101
10 109
10 129
10 142
10 148
10 240
10 290
10 301
10 330
10 331
10 332
10 354
10 392
10 431
10 458
11 126
11 148
11 157
11 158
11 202
11 282
11 340
11 364
11 404
11 421
11 427
11 439
11 444
11 459
11 467
12 41
12 50
12 79
12 123
12 167
12 188
12 251
12 295
12 296
12 303
12 330
12 335
12 380
12 392
12 433
12 438
12 440
12 459
12 470
12 499
13 26
13 34
13 162
13 200
13 210
13 214
13 228
13 243
13 293
13 329
13 376
13 433
13 435
13 464
13 468
13 479
13 496
14 34
14 42
14 123
14 129
14 162
14 216
14 246
14 284
14 324
14 378
14 409
14 421
14 448
14 450
14 465
15 17
15 18
15 47
15 80
15 83
15 98
15 131
15 154
15 165
15 181
15 212
15 221
15 293
15 354
15 420
15 423
15 452
15 482
16 32
16 79
16 85
16 98
16 150
16 170
16 173
16 199
16 217
16 251
16 257
16 268
16 294
16 301
16 362
16 371
16 389
16 407
16 435
16 450
16 458
16 470
17 87
17 107
17 117
17 188
17 198
17 325
17 329
17 340
17 351
17 360
17 401
17 407
17 416
17 446
17 474
17 483
18 26
18 81
18 92
18 109
18 145
18 179
18 193
18 248
18 253
18 278
18 287
18 293
18 303
18 311
18 314
18 340
18 358
18 368
18 393
18 424
18 426
18 478
19 51
19 78
19 206
19 224
19 249
19 254
19 262
19 296
19 315
19 323
19 360
19 365
19 381
19 411
19 421
19 423
19 444
19 483
20 26
20 38
20 102
20 113
20 139
20 160
20 161
20 194
20 237
20 244
20 269
20 273
20 290
20 332
20 346
20 347
20 377
20 392
20 398
20 426
20 427
20 452
20 474
21 76
21 108
21 113
21 124
21 164
21 167
21 173
21 178
21 181
21 223
21 256
21 259
21 274
21 283
21 295
21 305
21 335
21 336
21 341
21 343
21 392
21 393
21 444
21 483
22 36
22 40
22 99
22 119
22 159
22 199
22 265
22 279
22 372
22 383
22 440
22 443
22 482
22 496
23 86
23 135
23 142
23 145
23 152
23 163
23 164
23 178
23 197
23 224
23 231
23 250
23 257
23 292
23 325
23 331
23 376
23 437
23 463
24 177
24 200
24 203
24 207
24 221
24 268
24 293
24 324
24 337
24 484
25 31
25 37
25 53
25 54
25 75
25 176
25 189
25 213
25 214
25 260
25 362
25 436
25 449
25 456
25 479
25 495
26 54
26 65
26 116
26 123
26 150
26 206
26 209
26 230
26 250
26 265
26 272
26 293
26 336
26 352
26 355
26 364
26 421
26 422
26 489
27 35
27 57
27 169
27 210
27 255
27 259
27 261
27 303
27 393
27 404
27 416
27 440
27 456
28 75
28 118
28 152
28 198
28 237
28 321
28 356
28 428
28 440
28 446
28 466
28 478
29 39
29 41
29 62
29 109
29 118
29 138
29 144
29 153
29 172
29 218
29 229
29 234
29 243
29 267
29 269
29 300
29 340
29 343
29 363
29 480
30 36
30 80
30 97
30 98
30 175
30 183
30 285
30 301
30 303
30 332
30 356
30 409
30 424
30 446
31 38
31 71
31 94
31 118
31 120
31 125
31 226
31 229
31 253
31 274
31 281
31 287
31 288
31 298
31 301
31 305
31 332
31 337
31 406
31 436
31 458
31 486
32 64
32 84
32 119
32 132
32 157
32 169
32 212
32 223
32 240
32 276
32 327
32 339
32 348
32 414
32 429
32 432
32 437
32 440
32 460
32 487
33 45
33 52
33 81
33 93
33 107
33 108
33 135
33 203
33 217
33 249
33 264
33 305
33 310
33 329
33 376
33 389
33 401
33 418
33 450
34 41
34 90
34 106
34 118
34 126
34 176
34 239
34 267
34 269
34 310
34 311
34 330
34 335
34 347
34 415
34 417
34 422
34 446
34 461
35 95
35 105
35 145
35 146
35 147
35 158
35 161
35 196
35 221
35 227
35 250
35 252
35 334
35 351
35 383
35 404
35 410
35 416
35 430
35 435
35 440
35 448
36 41
36 54
36 82
36 135
36 169
36 247
36 268
36 277
36 279
36 280
36 285
36 295
36 310
36 351
36 399
36 426
36 452
36 456
36 458
36 498
37 49
37 78
37 105
37 118
37 139
37 149
37 184
37 195
37 196
37 198
37 212
37 233
37 263
37 274
37 279
37 315
37 370
37 399
37 409
38 58
38 115
38 195
38 225
38 232
38 254
38 256
38 294
38 298
38 323
38 324
38 346
38 371
38 415
38 431
38 445
38 449
38 450
38 476
38 493
38 498
39 73
39 100
39 132
39 150
39 176
39 204
39 239
39 290
39 328
39 373
39 387
39 413
39 483
39 485
39 488
40 82
40 86
40 130
40 149
40 183
40 321
40 357
40 382
40 411
40 425
41 54
41 56
41 90
41 91
41 127
41 148
41 151
41 171
41 218
41 240
41 258
41 276
41 278
41 280
41 362
41 375
41 403
41 437
41 440
41 448
41 451
41 475
41 489
42 62
42 70
42 83
42 97
42 137
42 182
42 196
42 215
42 233
42 251
42 257
42 274
42 279
42 281
42 312
42 448
42 453
42 464
42 473
43 48
43 56
43 109
43 114
43 149
43 165
43 186
43 207
43 212
43 240
43 282
43 333
43 342
43 348
43 352
43 356
43 367
43 377
43 419
43 421
43 440
43 451
44 73
44 136
44 155
44 159
44 178
44 179
44 184
44 224
44 341
44 345
44 356
44 365
44 446
44 461
44 477
44 480
45 52
45 91
45 108
45 120
45 125
45 142
45 212
45 271
45 281
45 282
45 286
45 329
45 330
45 372
45 376
45 409
45 469
45 475
45 484
46 53
46 73
46 74
46 97
46 120
46 140
46 142
46 192
46 207
46 210
46 218
46 238
46 243
46 244
46 254
46 317
46 356
46 421
46 427
46 436
46 485
47 61
47 72
47 73
47 103
47 128
47 172
47 230
47 236
47 239
47 307
47 319
47 328
47 342
47 346
47 352
47 353
47 386
47 388
47 435
47 442
47 459
47 468
47 480
48 93
48 108
48 120
48 123
48 144
48 151
48 190
48 220
48 295
48 298
48 301
48 318
48 407
48 419
48 440
49 62
49 97
49 99
49 105
49 119
49 136
49 158
49 163
49 180
49 193
49 224
49 274
49 297
49 308
49 359
49 397
49 423
49 451
49 490
49 495
50 81
50 93
50 95
50 99
50 108
50 181
50 194
50 203
50 215
50 233
50 252
50 253
50 277
50 326
50 369
50 456
50 457
50 474
50 493
51 52
51 83
51 93
51 133
51 208
51 225
51 378
51 379
51 384
51 401
51 488
52 93
52 110
52 113
52 175
52 192
52 205
52 207
52 243
52 275
52 356
52 386
52 402
52 431
52 432
52 497
53 79
53 112
53 146
53 181
53 198
53 215
53 281
53 321
53 340
53 377
53 383
53 442
53 462
53 477
54 59
54 69
54 84
54 137
54 169
54 182
54 184
54 187
54 201
54 258
54 331
54 347
54 366
54 391
54 425
54 457
54 470
54 479
54 493
55 88
55 96
55 101
55 137
55 199
55 293
55 347
55 358
55 409
55 414
55 487
55 493
55 494
56 93
56 98
56 111
56 115
56 138
56 145
56 146
56 205
56 237
56 309
56 385
56 392
56 396
56 397
56 399
56 413
56 426
56 456
56 476
56 480
56 481
57 75
57 90
57 96
57 101
57 118
57 124
57 188
57 222
57 233
57 240
57 252
57 256
57 258
57 282
57 312
57 387
57 416
57 418
57 424
57 428
57 454
58 60
58 84
58 89
58 131
58 138
58 162
58 163
58 174
58 188
58 224
58 274
58 342
58 386
58 393
59 140
59 152
59 169
59 172
59 183
59 209
59 227
59 230
59 246
59 318
59 323
59 380
59 444
59 474
60 70
60 71
60 80
60 128
60 162
60 188
60 229
60 264
60 287
60 350
60 352
60 355
60 365
60 370
60 377
60 383
60 387
60 409
60 446
61 110
61 154
61 188
61 197
61 200
61 201
61 222
61 267
61 315
61 319
61 342
61 366
61 387
61 389
61 417
61 433
61 437
61 438
61 448
61 452
61 466
61 471
61 489
61 499
62 77
62 91
62 137
62 154
62 181
62 213
62 226
62 267
62 283
62 330
62 342
62 387
62 391
62 417
62 439
62 449
62 455
62 467
62 477
63 81
63 93
63 116
63 122
63 125
63 142
63 145
63 152
63 173
63 378
63 432
63 440
64 70
64 131
64 156
64 183
64 188
64 206
64 216
64 234
64 336
64 366
64 374
64 385
64 404
64 412
64 447
64 455
64 458
64 484
64 495
65 70
65 200
65 205
65 213
65 218
65 219
65 241
65 308
65 361
65 366
65 370
65 409
65 436
65 437
65 475
65 490
65 496
66 93
66 96
66 147
66 161
66 208
66 244
66 308
66 341
66 353
66 381
66 407
66 422
66 428
66 443
66 468
66 480
66 489
67 90
67 116
67 142
67 206
67 211
67 285
67 305
67 336
67 356
67 381
67 424
67 428
67 447
68 79
68 87
68 99
68 115
68 184
68 199
68 216
68 239
68 247
68 254
68 267
68 302
68 334
68 343
68 346
68 349
68 357
68 384
68 389
68 412
68 417
68 423
68 438
68 443
68 444
69 75
69 123
69 134
69 156
69 177
69 233
69 253
69 256
69 289
69 337
69 393
69 464
70 101
70 102
70 123
70 152
70 160
70 166
70 169
70 235
70 401
70 411
70 413
70 435
70 499
71 77
71 84
71 120
71 121
71 123
71 160
71 165
71 189
71 210
71 287
71 321
71 323
71 348
71 370
71 375
71 381
71 459
71 482
71 490
72 76
72 139
72 140
72 146
72 161
72 203
72 207
72 211
72 233
72 238
72 285
72 354
72 374
72 401
72 405
72 423
72 460
72 474
72 486
72 499
73 103
73 104
73 111
73 113
73 120
73 137
73 143
73 157
73 190
73 191
73 203
73 223
73 239
73 256
73 293
73 302
73 307
73 310
73 312
73 359
73 391
73 394
73 418
73 428
73 436
73 448
73 453
73 472
73 473
73 479
73 489
74 104
74 111
74 121
74 147
74 259
74 277
74 315
74 328
74 356
74 358
74 365
74 411
74 435
74 468
74 473
75 82
75 83
75 91
75 117
75 158
75 189
75 233
75 249
75 250
75 254
75 274
75 292
75 319
75 329
75 345
75 356
75 383
75 417
75 426
75 450
75 456
76 84
76 136
76 171
76 174
76 182
76 253
76 265
76 280
76 331
76 349
76 415
76 444
76 473
76 476
76 494
77 112
77 123
77 183
77 225
77 249
77 280
77 368
77 397
77 398
77 407
77 417
77 452
77 465
78 80
78 119
78 130
78 137
78 143
78 150
78 182
78 193
78 221
78 222
78 256
78 305
78 345
78 377
78 439
78 466
78 483
78 484
79 89
79 130
79 148
79 224
79 380
79 400
79 436
79 443
79 461
79 498
80 86
80 150
80 284
80 359
80 382
80 425
80 430
80 450
80 454
80 464
80 468
80 493
81 102
81 110
81 142
81 211
81 250
81 266
81 277
81 288
81 375
81 394
81 410
81 453
81 478
81 492
81 496
82 142
82 145
82 156
82 163
82 177
82 207
82 267
82 302
82 320
82 475
82 478
83 134
83 238
83 275
83 316
83 320
83 361
83 388
83 417
83 425
83 440
83 492
84 113
84 125
84 142
84 143
84 171
84 178
84 189
84 235
84 238
84 276
84 296
84 304
84 359
84 464
85 94
85 107
85 135
85 144
85 146
85 190
85 201
85 206
85 216
85 239
85 298
85 299
85 303
85 328
85 346
85 368
85 399
85 451
85 466
85 467
85 473
85 493
85 495
86 107
86 109
86 112
86 124
86 142
86 168
86 214
86 309
86 359
86 379
86 400
87 133
87 156
87 157
87 161
87 167
87 190
87 204
87 206
87 219
87 251
87 274
87 282
87 381
87 428
87 487
87 499
88 108
88 168
88 208
88 225
88 260
88 262
88 266
88 272
88 345
88 363
88 370
88 403
88 429
88 467
89 95
89 116
89 178
89 188
89 198
89 208
89 217
89 221
89 341
89 389
89 465
89 467
89 495
90 105
90 112
90 144
90 205
90 219
90 285
90 291
90 308
90 319
90 350
90 394
90 427
90 454
90 460
90 465
90 467
91 109
91 132
91 136
91 167
91 180
91 224
91 259
91 306
91 332
91 359
91 438
92 117
92 128
92 140
92 258
92 286
92 317
92 328
92 349
92 356
92 359
92 373
92 442
92 495
92 496
93 138
93 143
93 145
93 157
93 162
93 210
93 221
93 222
93 255
93 257
93 261
93 266
93 283
93 288
93 338
93 386
93 414
93 433
93 442
93 444
93 484
93 485
94 104
94 111
94 228
94 234
94 255
94 316
94 354
94 378
94 386
94 390
95 125
95 137
95 202
95 220
95 232
95 262
95 273
95 289
95 331
95 344
95 389
95 448
95 452
95 484
96 137
96 160
96 185
96 256
96 261
96 266
96 318
96 320
96 321
96 365
96 366
96 376
96 425
96 432
96 447
97 116
97 136
97 207
97 231
97 281
97 287
97 324
97 373
97 385
97 393
97 404
97 419
97 465
97 499
98 150
98 182
98 200
98 258
98 269
98 298
98 307
98 350
98 371
98 379
98 393
98 440
98 441
98 486
98 495
99 118
99 142
99 171
99 202
99 221
99 258
99 267
99 273
99 312
99 318
99 393
99 396
99 453
99 473
99 480
99 496
100 113
100 116
100 145
100 179
100 382
100 402
100 442
100 465
101 112
101 144
101 157
101 219
101 238
101 257
101 270
101 275
101 298
101 335
101 353
101 358
101 474
101 491
102 110
102 161
102 216
102 224
102 229
102 241
102 249
102 318
102 337
102 364
102 368
102 370
102 406
102 411
102 414
102 420
102 424
102 430
102 452
102 461
102 470
103 141
103 201
103 261
103 299
103 320
103 357
103 422
103 426
103 431
103 432
103 443
103 458
103 493
104 115
104 167
104 170
104 173
104 209
104 219
104 229
104 239
104 277
104 298
104 349
104 354
104 381
104 422
104 450
105 182
105 236
105 266
105 269
105 311
105 317
105 332
105 335
105 352
105 378
105 403
105 447
105 478
105 491
106 122
106 152
106 164
106 171
106 200
106 229
106 236
106 260
106 266
106 269
106 275
106 300
106 330
106 343
106 349
106 400
106 444
106 459
106 488
106 496
107 120
107 147
107 168
107 207
107 222
107 226
107 253
107 265
107 323
107 333
107 349
107 375
107 446
107 477
108 116
108 174
108 238
108 305
108 306
108 316
108 337
108 351
108 363
108 372
108 389
108 415
108 422
108 430
108 431
108 443
108 472
108 482
108 488
108 497
109 166
109 219
109 245
109 274
109 280
109 284
109 304
109 306
109 332
109 390
109 394
109 491
110 111
110 120
110 193
110 204
110 207
110 224
110 236
110 270
110 287
110 299
110 359
110 374
110 376
110 383
110 387
110 433
110 462
110 473
111 115
111 144
111 153
111 167
111 182
111 213
111 222
111 230
111 276
111 345
111 370
111 388
111 390
111 409
111 474
112 165
112 182
112 189
112 268
112 279
112 283
112 297
112 336
112 355
112 363
112 364
112 367
112 407
112 436
112 485
112 495
113 228
113 253
113 353
113 363
113 365
113 421
113 474
113 480
114 137
114 159
114 185
114 269
114 272
114 329
114 344
114 357
114 382
114 385
114 452
115 124
115 195
115 208
115 220
115 242
115 255
115 262
115 270
115 280
115 293
115 303
115 306
115 361
115 389
115 390
115 391
115 437
115 456
115 484
116 186
116 212
116 233
116 376
116 387
116 399
116 410
116 433
116 434
116 473
117 150
117 169
117 170
117 202
117 217
117 265
117 280
117 332
117 387
117 435
117 436
117 438
117 447
117 475
117 496
118 132
118 137
118 209
118 246
118 252
118 257
118 356
118 389
118 401
118 405
118 458
118 470
119 179
119 192
119 198
119 207
119 220
119 270
119 294
119 318
119 345
119 391
119 394
119 407
119 441
119 457
119 490
119 492
119 497
120 132
120 138
120 162
120 185
120 211
120 236
120 240
120 253
120 255
120 321
120 347
120 349
120 395
120 426
120 461
121 153
121 158
121 170
121 221
121 225
121 234
121 242
121 282
121 285
121 313
121 318
121 343
121 353
121 376
121 399
121 401
121 407
121 431
121 480
122 128
122 137
122 151
122 161
122 165
122 184
122 232
122 234
122 250
122 276
122 303
122 346
122 358
122 365
122 392
122 418
122 432
122 440
122 460
122 475
122 484
122 492
123 129
123 145
123 156
123 160
123 162
123 258
123 287
123 351
123 399
123 422
123 437
123 441
123 483
124 131
124 242
124 249
124 259
124 287
124 305
124 307
124 410
124 450
124 458
125 126
125 132
125 203
125 242
125 262
125 281
125 295
125 332
125 342
125 344
125 409
125 436
126 134
126 138
126 167
126 203
126 219
126 277
126 285
126 304
126 319
126 324
126 327
126 331
126 352
126 390
126 392
126 429
126 432
127 133
127 166
127 181
127 210
127 255
127 280
127 327
127 371
127 403
127 406
127 449
127 463
128 166
128 179
128 181
128 218
128 229
128 246
128 284
128 316
128 317
128 321
128 335
128 383
128 424
128 467
128 471
129 160
129 194
129 203
129 252
129 267
129 285
129 291
129 313
129 329
129 402
129 448
129 458
130 154
130 174
130 198
130 217
130 226
130 234
130 242
130 247
130 259
130 282
130 302
130 303
130 308
130 321
130 345
130 350
130 356
130 359
130 393
130 394
130 425
130 454
130 460
130 467
130 482
130 486
131 135
131 137
131 154
131 174
131 175
131 181
131 186
131 250
131 252
131 273
131 282
131 286
131 310
131 311
131 410
131 468
131 490
132 156
132 165
132 183
132 231
132 240
132 260
132 277
132 278
132 325
132 358
132 359
132 370
132 372
132 393
132 395
132 432
132 455
132 456
133 149
133 173
133 238
133 249
133 330
133 336
133 353
133 372
133 411
134 155
134 166
134 171
134 230
134 242
134 271
134 301
134 318
134 340
134 375
134 383
134 406
134 413
134 416
134 450
134 496
135 138
135 157
135 166
135 181
135 212
135 219
135 221
135 232
135 310
135 327
135 336
135 345
135 369
135 457
135 488
136 157
136 169
136 178
136 197
136 257
136 269
136 292
136 306
136 310
136 327
136 360
136 363
136 391
136 395
136 411
136 448
137 139
137 151
137 185
137 186
137 253
137 264
137 273
137 277
137 324
137 344
137 364
137 381
137 430
137 442
137 449
137 455
137 477
137 482
137 483
137 494
138 157
138 181
138 187
138 202
138 251
138 253
138 266
138 286
138 316
138 318
138 342
138 346
138 400
138 437
138 443
138 452
138 454
138 456
138 461
138 463
138 467
139 159
139 189
139 196
139 201
139 217
139 258
139 284
139 326
139 359
139 376
139 399
139 439
139 450
139 486
140 162
140 192
140 237
140 282
140 307
140 316
140 374
140 383
140 405
140 438
140 440
140 466
141 162
141 202
141 214
141 292
141 328
141 375
141 410
141 450
142 161
142 199
142 208
142 223
142 228
142 252
142 289
142 327
142 339
142 375
142 387
142 403
142 408
142 426
142 461
142 464
142 497
143 159
143 209
143 210
143 213
143 232
143 235
143 290
143 308
143 378
143 393
143 394
143 435
143 457
143 471
143 477
144 148
144 205
144 214
144 226
144 240
144 252
144 271
144 301
144 313
144 390
144 410
144 465
144 466
144 484
145 169
145 173
145 233
145 241
145 242
145 251
145 281
145 302
145 328
145 330
145 356
145 399
145 429
145 469
146 178
146 194
146 221
146 239
146 290
146 323
146 328
146 381
146 432
146 474
146 479
146 489
147 199
147 228
147 238
147 247
147 251
147 253
147 300
147 303
147 385
147 407
147 424
147 446
147 450
148 152
148 165
148 167
148 174
148 213
148 288
148 318
148 328
148 336
148 414
148 428
148 479
149 186
149 204
149 215
149 222
149 244
149 267
149 287
149 309
149 328
149 353
149 379
149 405
149 425
149 438
149 452
149 453
149 486
150 175
150 178
150 230
150 244
150 279
150 290
150 293
150 305
150 325
150 335
150 385
150 432
150 448
150 460
150 461
151 169
151 178
151 190
151 279
151 294
151 327
151 369
151 372
151 388
151 399
152 157
152 168
152 176
152 181
152 187
152 208
152 225
152 229
152 241
152 248
152 249
152 250
152 268
152 299
152 324
152 327
152 357
152 403
152 429
152 447
152 471
152 479
152 493
153 187
153 213
153 252
153 265
153 287
153 293
153 319
153 335
153 360
153 364
153 377
153 401
153 415
153 449
153 499
154 186
154 343
154 352
154 366
154 393
154 411
154 466
155 158
155 182
155 227
155 281
155 307
155 312
155 340
155 351
155 363
155 374
155 426
155 429
155 439
155 475
156 171
156 176
156 245
156 260
156 264
156 268
156 277
156 291
156 310
156 357
156 365
156 369
156 394
156 412
156 455
157 158
157 177
157 237
157 255
157 257
157 277
157 288
157 301
157 305
157 315
157 365
157 395
157 456
158 192
158 220
158 230
158 251
158 278
158 289
158 292
158 302
158 315
158 329
158 359
158 406
158 412
158 445
158 460
158 466
158 489
159 237
159 267
159 276
159 329
159 349
159 405
159 423
159 430
159 448
159 452
159 473
160 168
160 206
160 212
160 263
160 287
160 328
160 333
160 348
160 380
160 387
160 463
161 178
161 189
161 224
161 228
161 259
161 270
161 294
161 300
161 309
161 313
161 320
161 328
161 391
161 400
161 415
161 471
161 486
162 194
162 200
162 244
162 276
162 288
162 308
162 328
162 361
162 368
162 377
162 398
162 442
162 460
162 465
162 479
162 484
162 492
163 173
163 174
163 188
163 219
163 319
163 322
163 341
163 373
163 394
163 413
163 416
163 446
163 452
163 495
164 171
164 193
164 195
164 219
164 230
164 238
164 239
164 247
164 295
164 369
164 370
164 389
164 399
164 449
164 474
164 493
165 246
165 258
165 315
165 353
165 355
165 361
165 409
165 469
165 470
165 479
166 176
166 189
166 219
166 229
166 237
166 266
166 275
166 281
166 313
166 353
166 358
166 377
166 396
166 421
166 443
166 473
166 479
166 480
166 481
167 187
167 212
167 229
167 263
167 275
167 286
167 294
167 309
167 313
167 382
167 411
167 425
167 445
167 451
168 216
168 219
168 224
168 262
168 263
168 274
168 283
168 300
168 318
168 408
168 411
168 428
168 432
168 479
169 206
169 292
169 315
169 337
169 338
169 376
169 424
169 449
169 456
169 487
170 208
170 305
170 324
170 375
170 392
170 395
170 405
170 428
170 463
170 465
170 492
170 494
171 289
171 293
171 335
171 337
171 339
171 346
171 397
171 467
172 229
172 256
172 260
172 287
172 319
172 351
172 393
172 405
172 412
172 462
172 477
173 194
173 207
173 215
173 243
173 300
173 314
173 337
173 345
173 381
173 390
173 401
173 409
173 497
174 231
174 284
174 319
174 338
174 346
174 352
174 364
174 369
174 390
174 395
174 397
174 413
175 242
175 243
175 244
175 251
175 344
175 357
175 453
175 464
176 179
176 209
176 210
176 232
176 248
176 261
176 269
176 275
176 284
176 341
176 450
176 468
176 473
176 494
177 186
177 207
177 281
177 296
177 303
177 331
177 334
177 396
177 405
177 410
177 419
177 422
177 442
177 472
177 487
177 499
178 189
178 204
178 208
178 216
178 228
178 246
178 267
178 279
178 300
178 361
178 374
178 410
178 434
178 439
178 483
179 234
179 260
179 274
179 278
179 294
179 434
179 453
179 460
180 187
180 257
180 258
180 273
180 278
180 311
180 314
180 316
180 336
180 440
180 442
180 493
181 197
181 210
181 262
181 309
181 371
181 375
181 426
181 439
181 443
182 186
182 187
182 192
182 233
182 253
182 255
182 283
182 313
182 343
182 345
182 360
182 391
182 394
182 413
182 434
182 473
183 194
183 197
183 237
183 278
183 286
183 381
183 394
183 402
183 446
184 216
184 218
184 235
184 251
184 287
184 361
184 401
184 416
184 429
184 450
184 453
184 464
184 479
185 212
185 214
185 242
185 261
185 274
185 277
185 353
185 403
185 412
185 421
185 431
185 442
185 451
185 469
186 202
186 207
186 265
186 266
186 276
186 318
186 319
186 327
186 342
186 355
186 403
186 404
186 427
186 452
186 478
186 480
187 214
187 222
187 246
187 299
187 308
187 316
187 339
187 379
187 395
187 415
187 440
188 228
188 258
188 288
188 381
188 382
188 418
188 437
188 461
188 483
188 496
189 191
189 262
189 280
189 314
189 316
189 344
189 350
189 383
189 399
189 427
189 428
189 432
189 445
189 473
189 478
189 483
190 231
190 261
190 296
190 344
190 352
190 364
190 404
190 486
191 224
191 245
191 257
191 267
191 273
191 289
191 339
191 356
191 379
191 402
191 438
191 444
191 450
191 499
192 274
192 369
192 403
192 411
192 448
192 459
192 469
193 229
193 277
193 286
193 287
193 364
193 386
193 423
193 487
193 499
194 213
194 226
194 263
194 276
194 292
194 304
194 405
194 420
194 450
194 469
195 207
195 221
195 229
195 271
195 276
195 277
195 279
195 338
195 367
195 433
195 477
195 481
196 203
196 233
196 252
196 259
196 314
196 330
196 342
196 427
196 449
197 222
197 310
197 342
197 345
197 347
197 378
197 401
197 443
197 450
198 204
198 220
198 227
198 262
198 269
198 279
198 298
198 355
198 379
198 392
198 419
198 483
199 206
199 265
199 288
199 308
199 335
199 356
199 364
199 382
199 423
199 447
199 457
199 477
200 234
200 304
200 308
200 309
200 332
200 373
200 386
200 425
200 437
200 445
200 489
201 216
201 267
201 280
201 300
201 373
201 402
201 411
201 432
202 230
202 278
202 282
202 290
202 336
202 346
202 371
202 387
202 490
203 251
203 254
203 266
203 279
203 293
203 297
203 334
203 340
203 347
203 373
203 378
203 387
203 421
203 431
204 245
204 292
204 316
204 350
204 354
204 449
204 464
204 485
204 488
204 491
205 214
205 215
205 254
205 262
205 292
206 242
206 270
206 307
206 341
206 360
206 382
206 403
206 406
206 443
206 464
206 473
206 483
206 487
206 490
206 499
207 232
207 253
207 259
207 298
207 314
207 347
207 397
207 427
207 442
207 471
207 473
208 220
208 230
208 235
208 237
208 304
208 357
208 402
208 407
208 408
208 455
208 477
208 492
209 213
209 219
209 236
209 251
209 273
209 304
209 318
209 340
209 385
209 390
209 410
209 414
209 430
209 445
209 465
210 215
210 238
210 280
210 318
210 402
210 405
210 413
210 414
210 419
210 476
211 268
211 282
211 314
211 343
211 373
211 401
211 410
211 431
211 437
211 471
211 488
211 490
212 235
212 240
212 256
212 269
212 289
212 305
212 322
212 385
212 397
212 413
212 419
212 461
213 221
213 233
213 408
213 422
213 433
213 450
214 225
214 232
214 238
214 284
214 310
214 367
214 371
214 407
214 424
214 461
214 467
214 470
215 230
215 257
215 258
215 269
215 291
215 301
215 321
215 326
215 348
215 381
215 383
215 388
215 425
215 436
215 457
215 493
216 239
216 259
216 264
216 326
216 335
216 396
216 401
216 410
216 411
217 250
217 257
217 259
217 270
217 300
217 348
217 360
217 371
217 406
217 423
217 435
217 454
217 468
217 470
217 471
217 473
217 494
218 221
218 226
218 250
218 257
218 259
218 268
218 292
218 306
218 310
218 381
218 410
218 412
218 423
218 439
218 440
218 481
219 236
219 275
219 304
219 320
219 353
219 360
219 399
219 414
219 445
219 451
219 480
220 238
220 366
220 378
220 385
220 387
220 388
220 471
220 474
220 476
220 491
221 227
221 284
221 297
221 307
221 321
221 330
221 360
221 369
221 373
221 466
221 496
222 226
222 242
222 300
222 335
222 373
222 388
222 405
222 441
222 478
222 479
223 277
223 287
223 291
223 336
223 352
223 359
223 375
223 411
223 437
223 462
223 472
223 496
224 254
224 269
224 274
224 282
224 344
224 351
224 375
224 411
224 416
224 418
225 284
225 362
225 368
225 433
225 440
225 494
226 294
226 297
226 301
226 319
226 322
226 326
226 382
226 395
226 415
226 452
226 458
226 463
226 475
226 476
226 489
226 493
227 310
227 351
227 365
227 447
227 452
227 483
227 488
228 266
228 281
228 319
228 348
228 385
228 395
228 429
228 451
228 487
228 498
229 234
229 269
229 341
229 369
229 441
229 459
229 489
230 237
230 238
230 264
230 278
230 279
230 284
230 311
230 341
230 358
230 359
230 384
230 396
230 397
230 428
230 439
230 471
231 240
231 251
231 277
231 298
231 308
231 310
231 312
231 316
231 326
231 347
231 348
231 354
231 363
231 370
231 371
231 382
231 385
231 405
231 412
231 434
231 489
231 492
232 241
232 322
232 333
232 354
232 396
232 421
232 436
232 495
233 238
233 285
233 289
233 351
233 361
233 367
233 390
233 395
233 414
233 423
233 461
233 497
234 301
234 318
234 331
234 343
234 379
234 385
234 433
234 447
234 473
235 238
235 240
235 263
235 267
235 305
235 358
235 375
235 396
235 431
235 447
235 462
236 263
236 285
236 375
236 394
236 498
237 264
237 303
237 369
237 371
237 400
237 429
237 451
237 470
237 483
237 492
238 335
238 336
238 352
238 408
238 415
238 416
238 426
238 433
238 439
238 496
239 249
239 276
239 283
239 294
239 314
239 328
239 330
239 413
239 432
239 454
239 478
240 279
240 315
240 352
240 451
240 455
240 466
240 468
240 483
241 282
241 289
241 338
241 343
241 352
241 432
241 443
241 454
241 474
242 255
242 280
242 340
242 372
242 407
242 425
242 474
242 480
243 251
243 281
243 296
243 314
243 337
243 392
243 408
243 432
243 434
243 475
243 487
244 275
244 283
244 318
244 337
244 342
244 357
244 359
244 371
244 386
244 402
244 463
245 257
245 274
245 292
245 316
245 382
245 391
245 415
245 445
245 449
245 465
245 475
245 477
246 252
246 280
246 289
246 344
246 403
246 408
246 414
246 427
246 452
246 496
247 248
247 287
247 364
247 429
247 431
247 436
247 439
247 479
247 480
247 493
248 257
248 260
248 269
248 297
248 318
248 350
248 453
249 338
249 339
249 364
249 375
249 478
249 488
250 272
250 304
250 309
250 324
250 335
250 400
250 405
250 421
250 426
250 488
251 318
251 326
251 331
251 360
251 372
251 378
251 385
251 437
251 466
252 310
252 332
252 333
252 368
252 409
253 274
253 329
253 359
253 401
253 412
253 414
253 452
253 491
254 258
254 281
254 283
254 297
254 390
254 406
254 408
254 422
254 445
254 479
254 490
255 341
255 356
255 364
255 367
255 391
255 446
255 459
255 467
255 485
256 271
256 272
256 284
256 285
256 327
256 399
256 418
257 284
257 295
257 300
257 329
257 333
257 337
257 346
257 371
257 446
257 467
257 485
258 275
258 281
258 293
258 338
258 363
258 385
258 389
258 395
258 413
258 448
258 489
259 261
259 305
259 310
259 327
259 335
259 430
259 440
259 441
259 444
259 462
259 473
259 481
260 266
260 272
260 291
260 335
260 457
260 480
261 332
261 383
261 419
262 295
262 399
262 400
262 458
263 278
263 285
263 323
263 331
263 335
263 349
263 353
263 390
263 422
263 432
263 447
263 465
263 480
264 283
264 350
264 353
264 418
264 446
264 470
264 485
264 488
265 318
265 322
265 335
265 351
265 381
265 402
265 440
265 445
265 468
265 483
265 489
266 305
266 384
266 435
266 470
267 279
267 326
267 342
267 366
267 428
267 444
267 463
267 482
268 304
268 312
268 313
268 333
268 334
268 344
268 346
268 357
268 376
268 378
268 380
268 390
268 400
268 424
268 460
268 461
269 281
269 284
269 352
269 354
269 381
269 400
269 403
269 415
269 470
269 497
269 498
270 274
270 318
270 364
270 443
270 461
270 464
271 272
271 285
271 293
271 308
271 314
271 320
271 323
271 332
271 333
271 335
271 365
271 406
271 419
271 428
271 442
271 454
271 486
271 488
271 490
271 495
272 311
272 318
272 329
272 349
272 353
272 403
272 420
272 438
272 459
272 480
273 360
273 365
273 378
273 412
273 414
273 424
274 322
274 333
274 343
274 348
274 364
274 439
274 449
275 293
275 317
275 318
275 322
275 326
275 329
275 332
275 354
275 428
275 435
275 441
275 459
276 279
276 290
276 343
276 346
276 354
276 400
276 407
276 412
276 464
276 487
276 488
277 336
277 400
277 402
277 434
277 437
277 441
277 442
277 487
278 318
278 330
278 350
278 363
278 407
278 437
278 439
278 441
278 443
278 453
278 456
278 483
279 289
279 292
279 329
279 362
279 375
279 389
279 403
279 419
279 423
279 455
279 490
280 303
280 305
280 323
280 360
280 396
280 397
280 437
280 443
280 450
280 459
280 469
280 480
280 487
281 290
281 296
281 317
281 325
281 330
281 341
281 369
281 380
281 445
281 451
281 461
281 494
282 284
282 306
282 307
282 326
282 363
282 380
282 393
282 451
282 461
282 466
282 495
282 497
283 321
283 324
283 337
283 433
283 445
283 449
283 455
283 467
284 292
284 384
284 394
284 396
284 398
284 414
284 446
284 460
284 475
284 493
284 494
285 303
285 332
285 338
285 346
285 379
285 394
285 395
285 431
285 444
285 448
285 489
286 296
286 356
286 397
286 427
286 498
287 369
287 373
287 375
287 380
287 390
287 403
287 428
287 429
287 436
287 449
287 463
288 296
288 392
288 403
288 433
288 445
288 463
288 466
288 484
289 293
289 327
289 344
289 348
289 357
289 365
289 439
289 452
289 488
290 293
290 303
290 315
290 367
290 384
290 416
290 445
290 450
290 458
290 467
290 486
291 292
291 297
291 317
291 326
291 329
291 334
291 413
291 416
291 417
291 430
291 463
291 473
291 474
291 485
291 494
292 365
292 368
292 430
292 446
292 447
293 301
293 312
293 320
293 362
293 368
293 398
293 437
293 447
293 455
293 474
293 492
294 360
294 370
294 402
294 472
294 477
294 485
295 318
295 325
295 337
295 345
295 349
295 389
295 464
295 485
296 352
296 364
296 399
296 408
296 417
296 434
296 442
296 452
296 456
296 460
297 300
297 301
297 328
297 343
297 369
297 406
297 438
297 441
297 444
297 468
297 473
297 481
298 299
298 312
298 326
298 331
298 333
298 429
298 456
298 474
298 493
299 343
299 353
299 388
299 420
299 437
299 464
300 322
300 334
300 397
300 401
300 425
300 468
300 484
301 330
301 381
301 424
301 468
301 473
302 305
302 314
302 320
302 323
302 325
302 352
302 360
302 375
302 377
302 379
302 382
302 385
302 422
302 437
302 460
302 470
302 491
303 330
303 355
303 380
303 391
303 406
303 437
303 441
303 444
303 470
304 345
304 401
304 481
304 483
305 350
305 355
305 361
305 374
305 416
305 426
305 435
305 457
305 483
305 487
306 312
306 348
306 380
306 384
306 386
306 387
306 396
306 453
307 321
307 330
307 337
307 338
307 358
307 366
307 394
307 403
307 439
308 344
308 375
308 405
308 428
308 458
308 499
309 310
309 325
309 373
309 381
309 438
309 490
310 340
310 378
310 423
310 431
310 443
310 466
310 468
310 476
311 352
311 359
311 372
311 392
311 403
311 411
311 438
312 321
312 353
312 371
312 403
312 447
312 466
313 314
313 383
313 388
313 394
313 418
313 428
313 468
313 496
314 321
314 325
314 363
314 452
314 472
314 497
315 323
315 373
315 404
315 428
315 437
315 470
315 485
316 325
316 354
316 371
316 462
316 474
316 489
317 337
317 365
317 415
317 449
317 478
318 332
318 349
318 399
318 413
319 321
319 352
319 361
319 445
319 465
319 474
319 482
320 351
320 373
320 374
320 378
320 387
320 442
320 444
320 455
320 465
320 475
320 497
321 341
321 399
321 442
321 444
321 450
321 452
321 455
321 465
321 479
322 345
322 350
322 371
322 403
322 435
322 438
322 485
323 342
323 353
323 481
323 493
324 360
324 401
324 408
324 438
324 449
324 473
325 361
325 377
325 392
325 415
325 416
325 419
325 434
325 470
326 343
326 345
326 356
326 377
326 403
326 456
326 463
326 480
327 384
327 406
327 427
327 436
327 476
327 484
327 495
328 333
328 351
328 354
328 425
328 430
329 337
329 355
329 377
329 384
329 390
329 395
329 416
329 423
329 440
329 441
329 477
330 409
330 418
330 422
330 459
330 465
330 468
330 480
330 495
330 499
331 336
331 341
331 349
331 355
331 390
331 397
331 398
331 451
331 464
331 465
331 473
331 485
331 499
332 337
332 367
332 396
333 339
333 345
333 438
333 460
333 496
334 347
334 369
334 379
334 385
334 387
334 442
335 357
335 370
335 393
335 399
335 434
335 463
335 485
336 337
336 349
336 411
336 431
336 485
336 488
337 380
337 389
337 411
337 462
337 470
338 357
338 371
338 384
338 434
338 440
338 472
338 473
339 375
339 399
339 409
339 410
339 439
339 445
339 458
340 349
340 437
340 442
340 451
341 383
341 414
341 447
341 450
341 466
341 470
342 349
342 362
342 418
342 436
342 465
342 489
342 492
342 499
343 387
343 404
343 437
343 487
343 488
344 350
344 355
344 414
344 446
344 451
344 484
344 495
345 360
345 369
345 422
345 440
346 382
346 437
346 489
347 385
347 415
347 435
347 448
347 495
348 371
348 373
348 424
348 448
348 450
348 493
349 364
349 378
349 393
349 404
349 407
349 452
350 376
350 379
350 390
350 421
350 448
351 370
351 377
351 450
351 464
351 481
352 414
352 459
352 465
352 470
352 482
353 370
353 420
353 446
353 451
353 473
353 493
354 381
354 402
354 432
354 487
355 373
355 401
355 402
355 403
355 489
355 499
356 376
356 442
356 452
356 458
356 481
357 365
357 366
357 423
357 430
357 455
357 463
357 476
357 483
357 491
358 414
358 424
358 448
358 451
358 452
358 457
358 466
359 363
359 371
359 391
359 399
359 454
359 486
360 398
360 407
360 415
360 466
360 481
361 367
361 371
361 413
361 485
362 365
362 473
363 381
363 385
363 432
363 439
363 470
363 482
363 494
364 373
364 384
364 397
364 442
364 478
365 385
365 415
365 430
365 490
366 368
366 377
366 381
366 385
366 402
366 405
366 432
366 434
366 442
366 465
366 472
367 378
367 379
367 410
367 449
367 453
367 494
367 497
368 428
368 436
368 437
368 458
368 463
369 370
369 371
369 389
369 393
369 402
369 474
369 492
370 389
370 393
370 433
370 443
370 496
370 498
371 391
371 417
371 465
372 382
372 385
372 390
372 397
372 410
372 422
372 448
372 487
373 375
373 438
373 456
373 462
373 479
373 493
374 433
374 472
374 482
374 493
375 443
375 468
375 472
375 491
375 499
376 423
376 451
376 467
376 468
377 378
377 393
377 400
377 401
377 405
377 445
377 455
377 472
377 478
377 498
378 407
378 439
378 449
378 478
378 491
379 382
379 389
379 400
379 433
379 455
379 458
379 478
379 497
380 414
380 471
381 383
381 395
381 411
381 466
381 482
382 406
382 441
382 496
384 391
384 393
384 481
385 424
385 468
386 470
386 471
386 472
387 471
388 440
388 442
388 460
388 495
389 390
389 416
389 442
389 459
390 424
390 430
390 440
391 411
391 422
392 443
392 481
393 394
393 412
393 414
393 419
393 447
393 457
394 402
394 408
394 423
394 471
395 407
395 430
395 485
395 486
395 493
395 494
396 480
396 484
397 447
397 448
397 459
397 482
398 410
398 445
398 454
398 464
398 481
398 495
399 427
400 450
400 457
401 418
401 429
401 456
401 464
401 486
402 416
402 464
403 420
403 441
403 457
403 461
403 481
403 490
404 444
404 487
405 431
405 432
405 439
405 452
405 456
406 413
406 455
406 464
407 471
407 473
408 454
408 483
408 488
409 465
409 477
410 422
410 438
410 462
411 417
411 486
411 499
412 414
412 439
412 454
412 463
412 495
413 419
414 464
414 480
415 441
415 445
415 488
415 499
416 423
416 425
416 440
416 445
416 455
416 460
416 475
417 433
417 444
417 490
418 458
420 449
421 458
421 487
422 424
422 477
423 436
423 450
423 467
423 476
423 477
424 445
424 447
424 450
424 481
424 498
425 426
425 476
426 429
427 479
427 482
427 498
428 429
428 459
428 477
428 486
428 499
429 446
429 476
430 431
430 452
430 455
430 462
430 486
431 459
431 491
431 492
432 439
432 455
432 476
433 445
433 449
433 462
434 438
434 439
434 460
434 470
434 487
434 499
436 465
437 448
437 452
437 467
437 485
439 446
439 452
439 458
439 485
440 444
440 458
440 489
440 494
441 450
441 462
441 478
442 449
442 493
444 454
444 468
444 489
445 467
445 468
446 452
446 480
446 489
447 462
447 488
449 456
449 492
450 464
451 468
451 497
451 499
452 457
452 491
452 492
454 476
454 480
455 462
456 476
456 478
456 486
456 488
459 472
460 484
463 465
463 477
463 495
465 496
466 481
466 482
467 479
467 495
468 477
470 479
470 488
473 488
474 477
474 481
476 479
477 478
478 481
478 496
480 487
482 493
484 494
484 495
487 488
490 494
495 496
497 499
