118 1013
100 12 55 82 21 90 26 56 74 117 32 40 110 38 42 46 57 55 93 47 91 22 88 51 11 52 91 48 84 89 12 67 49 39 51 90 52 109 80 115 59 80 74 109 46 39 75 78 16 79 62 45 56 90 14 56 79 36 31 111 83 54 19 114 84 116 64 118 31 112 12 31 92 104 35 38 98 41 41 40 95 92 54 29 105 23 94 19 83 25 33 25 115 111 42 92 104 22 101 38 25 113 116 98 71 11 39 106 59 25 15 35 64 75 98 19 42 96
0 1
0 6
0 7
0 15
0 16
0 18
0 19
0 33
0 50
0 69
0 76
0 84
0 89
0 94
0 96
0 106
0 112
1 15
1 17
1 27
1 28
1 30
1 31
1 36
1 42
1 62
1 63
1 66
1 75
1 81
1 89
1 94
1 108
2 5
2 7
2 22
2 28
2 34
2 36
2 41
2 42
2 43
2 47
2 56
2 57
2 71
2 88
2 94
2 107
2 109
2 113
3 12
3 13
3 19
3 23
3 33
3 34
3 35
3 43
3 48
3 67
3 71
3 77
3 79
3 81
3 89
3 117
4 6
4 20
4 23
4 26
4 30
4 40
4 62
4 73
4 82
4 109
4 114
5 6
5 12
5 39
5 74
5 76
5 93
5 97
5 99
5 103
5 105
5 114
5 117
6 9
6 14
6 27
6 29
6 36
6 37
6 42
6 50
6 52
6 64
6 71
6 73
6 97
6 101
7 11
7 14
7 30
7 40
7 52
7 55
7 60
7 63
7 71
7 74
7 91
7 106
7 112
7 113
8 12
8 18
8 30
8 34
8 40
8 43
8 54
8 59
8 62
8 63
8 64
8 86
8 93
8 94
8 97
8 100
8 103
9 14
9 16
9 23
9 26
9 34
9 48
9 60
9 62
9 89
9 97
9 98
9 100
9 102
9 109
9 111
9 115
9 117
10 11
10 16
10 26
10 38
10 39
10 46
10 51
10 54
10 60
10 67
10 69
10 70
10 79
10 89
10 90
10 95
10 96
10 98
10 101
10 107
11 14
11 19
11 24
11 29
11 31
11 42
11 53
11 58
11 60
11 61
11 67
11 86
11 106
11 107
11 116
11 117
12 17
12 18
12 27
12 29
12 30
12 33
12 37
12 41
12 51
12 59
12 85
12 90
12 94
12 105
13 16
13 49
13 57
13 60
13 65
13 75
13 100
13 101
13 112
14 16
14 21
14 35
14 37
14 47
14 48
14 54
14 57
14 61
14 62
14 65
14 66
14 69
14 73
14 81
14 82
14 88
14 108
14 113
14 116
14 117
15 19
15 20
15 22
15 30
15 34
15 42
15 45
15 52
15 60
15 64
15 65
15 88
15 94
15 107
15 111
16 22
16 25
16 26
16 40
16 43
16 53
16 54
16 57
16 63
16 68
16 91
16 99
16 109
16 117
17 25
17 28
17 31
17 38
17 39
17 41
17 46
17 49
17 89
17 90
17 94
17 111
17 116
18 20
18 21
18 22
18 25
18 31
18 35
18 49
18 56
18 61
19 23
19 31
19 41
19 43
19 56
19 68
19 69
19 73
19 83
19 88
19 94
19 96
19 97
19 101
19 110
20 28
20 43
20 45
20 51
20 54
20 67
20 89
20 92
20 93
20 98
20 100
20 114
21 26
21 32
21 36
21 45
21 49
21 55
21 58
21 73
21 75
21 83
21 87
21 95
21 96
21 98
21 99
21 103
21 114
22 28
22 30
22 40
22 60
22 61
22 71
22 73
22 75
22 97
22 98
22 103
22 104
22 113
23 27
23 31
23 39
23 41
23 47
23 60
23 62
23 64
23 72
23 85
23 99
23 100
23 111
24 26
24 31
24 33
24 42
24 46
24 47
24 50
24 59
24 61
24 66
24 90
24 95
24 96
24 99
24 103
24 111
25 26
25 35
25 37
25 38
25 44
25 54
25 59
25 71
25 81
25 84
25 96
25 101
25 112
25 114
26 30
26 31
26 34
26 45
26 46
26 73
26 99
26 110
27 63
27 67
27 77
27 79
27 87
27 112
27 113
27 114
28 31
28 33
28 35
28 38
28 47
28 50
28 61
28 69
28 75
28 79
28 82
28 89
28 93
28 94
28 99
28 100
28 105
28 117
29 32
29 37
29 38
29 43
29 60
29 70
29 76
29 81
29 84
29 89
29 93
29 97
29 101
29 102
29 104
29 107
29 110
29 116
30 35
30 38
30 39
30 40
30 45
30 73
30 89
30 91
30 92
30 99
30 102
30 108
30 115
31 44
31 52
31 63
31 64
31 65
31 66
31 77
31 78
31 88
31 89
31 93
31 98
31 103
31 112
31 114
32 36
32 47
32 53
32 58
32 59
32 61
32 65
32 67
32 69
32 74
32 76
32 77
32 81
32 99
32 103
32 116
33 40
33 44
33 52
33 55
33 56
33 57
33 85
33 86
33 89
33 98
33 99
33 102
33 103
33 108
33 115
34 38
34 45
34 60
34 82
34 85
34 95
34 107
34 108
34 110
34 112
35 38
35 47
35 51
35 60
35 62
35 63
35 68
35 78
35 87
35 88
35 91
35 97
35 107
36 38
36 63
36 69
36 72
36 83
36 86
36 103
36 107
36 114
37 47
37 55
37 71
37 73
37 77
37 84
37 87
37 88
37 111
37 116
37 117
38 50
38 51
38 59
38 67
38 70
38 87
38 91
38 96
38 99
38 111
39 42
39 48
39 52
39 53
39 54
39 56
39 58
39 62
39 64
39 93
39 94
39 98
39 99
39 105
39 116
40 53
40 55
40 59
40 61
40 62
40 66
40 69
40 75
40 81
40 86
40 96
40 106
40 107
40 109
40 114
41 48
41 89
41 101
41 105
41 114
42 49
42 50
42 58
42 78
42 91
42 103
43 45
43 47
43 51
43 56
43 78
43 93
43 112
44 45
44 50
44 53
44 60
44 61
44 63
44 68
44 74
44 83
44 87
44 91
44 93
44 94
44 97
44 102
44 117
45 47
45 50
45 72
45 75
45 98
45 100
45 102
45 103
45 112
46 73
46 79
46 80
46 87
46 94
46 98
46 100
46 115
47 49
47 51
47 54
47 57
47 62
47 63
47 64
47 69
47 73
47 85
47 89
47 110
47 114
47 115
47 117
48 53
48 56
48 61
48 77
48 79
48 106
48 114
49 51
49 82
49 96
49 106
49 116
50 52
50 56
50 63
50 67
50 70
50 75
50 88
50 95
50 99
50 109
50 112
50 116
51 52
51 59
51 63
51 69
51 85
51 89
51 100
51 103
51 106
51 110
52 58
52 60
52 70
52 75
52 79
52 80
52 88
52 99
52 100
52 115
53 67
53 75
53 96
53 97
53 101
53 103
53 110
54 69
54 73
54 74
54 95
54 109
54 110
54 117
55 70
55 72
55 89
55 99
55 116
56 70
56 73
56 80
56 82
56 87
56 89
56 91
56 95
56 115
57 75
57 76
57 80
57 82
57 88
57 103
57 105
57 111
57 113
57 114
58 59
58 60
58 63
58 66
58 70
58 71
58 77
58 82
58 87
58 93
58 102
58 108
58 110
58 115
58 117
59 61
59 68
59 74
59 86
59 96
59 98
59 104
59 109
59 111
59 113
59 116
60 65
60 68
60 72
60 78
60 93
60 101
60 102
60 109
61 63
61 70
61 90
61 95
61 104
61 108
61 111
61 114
61 115
62 73
62 75
62 81
62 84
62 93
62 98
62 102
62 108
62 115
63 65
63 77
63 89
63 96
63 105
63 107
63 111
63 113
64 79
64 80
64 91
64 95
64 99
64 108
64 109
64 112
65 74
65 79
65 94
65 96
65 98
65 105
65 106
66 70
66 79
66 81
66 86
66 91
66 110
67 70
67 77
67 85
67 88
67 100
67 113
67 114
67 116
68 70
68 72
68 84
68 86
68 87
68 91
68 97
68 100
68 104
68 109
68 111
69 76
69 77
69 79
69 86
69 95
69 99
69 101
69 109
69 113
69 115
70 72
70 75
70 87
70 88
70 102
70 106
70 110
71 72
71 91
71 105
71 109
72 94
72 97
72 100
72 112
73 81
73 83
73 89
73 98
73 100
73 103
73 104
74 77
74 82
74 86
74 92
74 93
74 94
74 100
74 114
75 76
75 77
75 81
75 83
75 87
75 95
75 106
75 108
76 81
76 82
76 89
76 91
76 101
77 78
77 90
77 92
77 95
77 97
77 101
77 104
77 108
77 110
77 113
77 115
77 116
78 87
78 91
78 95
78 97
78 98
78 100
78 102
79 87
79 97
79 99
79 109
80 90
80 97
80 104
80 108
81 85
81 88
81 89
81 95
81 103
81 109
82 83
82 92
82 104
82 109
82 114
83 87
83 88
83 96
83 98
83 115
84 86
84 93
84 108
84 115
85 86
85 90
85 100
85 102
85 107
85 110
85 114
86 97
86 99
86 100
86 117
87 95
87 98
87 100
87 104
87 106
87 111
87 114
88 90
88 97
88 99
88 111
88 116
89 107
89 111
89 114
89 115
90 95
90 96
90 98
90 102
90 110
91 93
91 101
92 93
92 101
92 106
92 115
93 96
93 108
93 109
93 111
93 117
94 105
95 99
95 103
95 104
95 105
95 112
95 113
95 114
96 104
96 106
96 114
97 103
97 115
98 99
98 100
98 107
98 115
99 100
99 106
99 117
100 106
100 110
100 117
101 106
101 112
101 116
102 111
102 115
103 104
103 111
103 116
103 117
104 113
105 111
105 114
105 116
107 115
108 111
108 113
108 117
109 110
112 116
114 115
114 116
115 117
