252 2437
81 46 25 39 109 36 49 40 29 44 105 20 42 65 104 43 88 48 32 47 58 32 27 48 70 93 114 50 72 53 23 97 23 89 12 45 61 86 26 101 46 120 16 20 100 15 16 46 26 73 74 72 113 45 104 67 115 86 56 116 23 38 86 21 21 17 56 50 85 68 43 59 98 17 69 66 108 32 78 113 36 61 14 116 54 84 115 53 57 78 36 106 93 56 66 63 25 79 79 67 117 116 111 87 117 33 30 117 118 114 35 91 88 42 22 69 33 25 36 53 32 76 12 98 13 84 67 87 116 78 39 98 38 96 29 53 24 27 92 109 43 26 91 55 81 108 96 86 117 70 93 23 19 100 23 112 98 13 103 12 73 97 95 16 92 51 92 12 94 119 57 14 109 111 28 18 52 78 68 93 41 93 68 74 40 61 25 45 115 10 56 119 24 73 61 39 111 25 20 103 26 48 45 32 87 58 107 88 107 82 108 44 76 74 98 110 24 90 102 68 118 50 55 84 30 18 16 46 16 97 58 56 112 66 59 19 112 104 98 110 69 11 47 64 12 107 53 29 24 41 36 114
0 13
0 16
0 55
0 100
0 112
0 118
0 131
0 143
0 152
0 167
0 201
0 204
0 212
0 218
0 239
1 7
1 25
1 29
1 39
1 44
1 47
1 48
1 59
1 63
1 80
1 90
1 96
1 137
1 139
1 190
1 192
1 196
1 204
1 205
1 216
1 225
1 238
1 239
1 240
2 16
2 25
2 45
2 51
2 93
2 127
2 149
2 155
2 164
2 167
2 181
2 200
2 208
2 224
2 225
3 4
3 7
3 20
3 23
3 45
3 47
3 52
3 63
3 74
3 75
3 104
3 107
3 133
3 162
3 165
3 179
3 180
3 189
3 192
3 241
3 247
4 22
4 41
4 47
4 62
4 65
4 104
4 122
4 133
4 139
4 147
4 154
4 166
4 192
4 242
4 245
5 9
5 23
5 51
5 71
5 92
5 103
5 108
5 121
5 147
5 166
5 171
5 237
6 10
6 21
6 22
6 30
6 43
6 61
6 64
6 66
6 84
6 116
6 120
6 135
6 146
6 148
6 151
6 152
6 179
6 187
6 205
6 218
6 227
6 231
6 246
7 28
7 75
7 100
7 106
7 107
7 115
7 121
7 161
7 177
7 178
7 184
7 186
7 208
7 235
7 250
8 36
8 42
8 63
8 67
8 71
8 74
8 86
8 89
8 90
8 103
8 107
8 115
8 134
8 160
8 170
8 173
8 182
8 222
8 230
8 231
9 23
9 24
9 27
9 35
9 45
9 50
9 51
9 56
9 73
9 75
9 88
9 100
9 106
9 112
9 116
9 162
9 165
9 176
9 180
9 196
9 208
9 209
9 219
9 226
9 234
9 236
10 31
10 54
10 95
10 101
10 111
10 113
10 139
10 155
10 158
10 166
10 191
10 195
10 200
10 207
10 242
10 249
11 19
11 22
11 64
11 65
11 78
11 88
11 97
11 114
11 130
11 138
11 141
11 156
11 159
11 181
11 182
11 188
11 200
11 205
11 229
11 239
11 242
11 250
12 47
12 52
12 88
12 89
12 92
12 95
12 104
12 116
12 123
12 126
12 137
12 157
12 158
12 174
12 184
12 190
12 200
12 204
12 205
12 233
13 17
13 30
13 33
13 40
13 57
13 67
13 87
13 90
13 109
13 113
13 115
13 120
13 128
13 152
13 160
13 164
13 173
13 175
13 189
13 192
13 215
13 230
13 232
13 245
13 247
14 24
14 39
14 51
14 62
14 72
14 80
14 90
14 104
14 124
14 149
14 155
14 185
14 187
14 205
14 240
14 242
14 249
15 17
15 21
15 50
15 69
15 99
15 116
15 118
15 146
15 175
15 177
15 223
15 249
16 24
16 28
16 39
16 53
16 68
16 70
16 91
16 95
16 98
16 127
16 130
16 150
16 171
16 173
16 198
16 211
16 215
16 219
16 239
16 245
17 22
17 24
17 41
17 47
17 59
17 61
17 78
17 110
17 118
17 131
17 136
17 145
17 150
17 158
17 179
17 184
17 201
17 208
17 222
17 242
18 29
18 32
18 33
18 59
18 66
18 83
18 97
18 166
18 167
18 190
18 208
18 218
18 222
18 230
19 45
19 52
19 72
19 91
19 120
19 123
19 129
19 132
19 133
19 144
19 150
19 151
19 169
19 172
19 185
19 200
19 203
19 211
19 212
19 226
19 234
19 241
19 244
20 41
20 44
20 54
20 75
20 84
20 89
20 117
20 132
20 171
20 183
20 197
20 212
20 213
20 223
20 226
20 241
21 28
21 32
21 33
21 38
21 44
21 76
21 88
21 101
21 105
21 114
21 116
21 139
21 147
21 195
21 206
21 214
21 230
22 39
22 62
22 67
22 84
22 85
22 105
22 116
22 136
22 139
22 193
22 201
22 202
22 204
22 251
23 26
23 27
23 56
23 63
23 74
23 94
23 144
23 162
23 170
23 176
23 190
23 193
23 196
23 211
23 215
23 216
23 227
23 229
23 247
24 45
24 49
24 63
24 66
24 85
24 89
24 102
24 105
24 116
24 130
24 159
24 165
24 166
24 187
24 206
24 212
24 249
25 29
25 35
25 55
25 74
25 86
25 90
25 94
25 108
25 109
25 113
25 116
25 121
25 146
25 150
25 162
25 167
25 173
25 177
25 208
25 218
25 225
25 235
25 241
25 243
25 245
25 248
25 251
26 31
26 63
26 70
26 80
26 82
26 147
26 164
26 179
26 199
26 218
26 226
26 233
26 244
26 250
27 40
27 43
27 46
27 79
27 80
27 107
27 118
27 120
27 129
27 169
27 179
27 211
27 213
27 220
27 224
27 226
27 232
28 93
28 115
28 122
28 128
28 130
28 157
28 159
28 167
28 191
28 224
28 227
29 39
29 61
29 66
29 79
29 89
29 120
29 125
29 127
29 141
29 144
29 152
29 211
29 223
29 226
29 230
29 241
29 244
30 41
30 86
30 107
30 117
30 132
30 136
30 142
30 153
30 163
30 180
30 187
30 198
30 202
30 222
30 227
31 32
31 49
31 50
31 51
31 56
31 58
31 68
31 72
31 93
31 98
31 111
31 113
31 119
31 128
31 131
31 133
31 155
31 159
31 195
31 200
31 213
31 219
31 220
31 222
31 233
31 251
32 56
32 57
32 87
32 99
32 109
32 124
32 136
32 156
32 158
32 205
32 236
32 237
32 242
32 244
33 40
33 100
33 114
33 122
33 129
33 137
33 146
33 149
33 183
33 189
33 193
33 202
33 215
33 233
34 69
34 89
34 95
34 107
34 149
34 151
34 152
34 180
34 187
34 197
34 213
34 226
34 234
34 235
34 238
35 40
35 44
35 88
35 91
35 105
35 107
35 108
35 109
35 125
35 142
35 143
35 153
35 155
35 164
35 168
35 217
35 218
35 228
35 250
36 41
36 43
36 55
36 68
36 90
36 98
36 107
36 110
36 117
36 183
36 199
36 214
37 86
37 88
37 92
37 107
37 111
37 120
37 132
37 136
37 143
37 161
37 162
37 168
37 179
37 189
37 190
37 203
37 212
37 214
37 220
37 223
37 243
37 251
38 50
38 83
38 106
38 108
38 113
38 119
38 126
38 141
38 148
38 149
38 162
38 178
38 193
38 216
38 221
38 222
38 232
39 48
39 88
39 91
39 92
39 106
39 173
39 186
39 194
39 197
39 200
39 217
39 244
40 50
40 57
40 72
40 125
40 135
40 154
40 156
40 192
40 195
40 197
40 201
40 202
40 203
40 242
40 244
41 54
41 69
41 77
41 81
41 87
41 117
41 134
41 136
41 145
41 157
41 174
41 183
41 195
41 198
41 203
41 207
41 222
41 244
42 50
42 118
42 140
42 143
42 150
42 165
42 193
42 197
42 221
43 53
43 87
43 88
43 89
43 93
43 112
43 123
43 129
43 144
43 148
43 170
43 206
43 209
43 211
43 219
43 220
43 230
43 241
43 248
44 45
44 56
44 61
44 81
44 106
44 143
44 151
44 152
44 170
44 178
44 179
44 182
44 189
44 190
44 195
44 200
44 201
44 202
44 219
44 220
44 236
44 238
45 62
45 64
45 130
45 144
45 166
45 185
45 202
45 204
45 211
45 215
45 230
45 233
46 47
46 50
46 62
46 84
46 94
46 119
46 127
46 154
46 161
46 162
46 176
46 188
46 190
46 201
46 202
46 213
46 225
46 240
46 247
47 55
47 74
47 81
47 110
47 132
47 133
47 136
47 187
47 188
47 198
47 233
47 246
48 59
48 65
48 78
48 102
48 108
48 112
48 117
48 118
48 124
48 143
48 145
48 151
48 160
48 163
48 183
48 195
48 206
48 226
48 238
49 56
49 58
49 79
49 107
49 136
49 154
49 162
49 179
49 188
49 208
50 63
50 71
50 131
50 150
50 152
50 156
50 163
50 171
50 199
50 223
50 228
50 229
50 232
50 247
51 52
51 99
51 104
51 105
51 130
51 131
51 153
51 158
51 171
51 183
51 187
51 188
51 202
51 232
51 240
52 60
52 66
52 67
52 100
52 107
52 144
52 162
52 167
52 175
52 176
52 189
52 206
52 216
52 237
52 251
53 57
53 74
53 97
53 102
53 107
53 108
53 114
53 124
53 165
53 174
53 178
53 203
53 207
53 226
53 227
53 245
54 56
54 60
54 68
54 91
54 99
54 105
54 123
54 132
54 192
54 194
54 206
54 211
54 241
54 245
55 67
55 78
55 82
55 93
55 108
55 129
55 136
55 137
55 140
55 142
55 167
55 181
55 188
55 194
55 202
55 208
55 214
55 215
55 227
55 235
55 241
55 245
56 66
56 68
56 72
56 80
56 85
56 130
56 137
56 150
56 175
56 178
56 187
56 188
56 190
56 193
56 214
56 237
56 245
56 247
57 63
57 75
57 82
57 86
57 101
57 112
57 113
57 115
57 122
57 141
57 210
57 228
57 242
58 59
58 65
58 75
58 78
58 86
58 102
58 114
58 118
58 124
58 128
58 150
58 169
58 171
58 186
58 192
58 195
58 199
58 207
58 212
58 225
58 251
59 66
59 82
59 86
59 101
59 122
59 130
59 135
59 156
59 192
59 205
59 228
59 241
60 77
60 91
60 97
60 117
60 135
60 139
60 144
60 162
60 181
60 195
60 214
60 225
60 236
61 87
61 101
61 113
61 141
61 157
61 163
61 179
61 210
62 91
62 101
62 106
62 133
62 141
62 157
62 198
63 65
63 91
63 92
63 102
63 111
63 127
63 130
63 152
63 158
63 174
63 211
63 221
63 230
64 79
64 93
64 94
64 100
64 109
64 111
64 121
64 190
64 192
64 198
64 203
64 204
64 206
64 229
65 83
65 93
65 116
65 132
65 143
65 157
65 180
65 200
65 201
65 228
65 244
65 248
65 249
66 69
66 76
66 82
66 118
66 159
66 161
66 165
66 174
66 185
66 216
66 217
66 243
66 251
67 69
67 86
67 95
67 117
67 120
67 122
67 131
67 132
67 136
67 144
67 149
67 152
67 154
67 157
67 183
67 205
67 211
67 216
67 243
68 75
68 80
68 86
68 90
68 112
68 129
68 146
68 158
68 163
68 165
68 188
68 191
68 216
68 238
69 106
69 196
69 213
69 238
69 244
70 107
70 129
70 158
70 168
70 173
70 180
70 192
70 198
70 211
70 212
70 235
71 78
71 89
71 108
71 110
71 151
71 158
71 160
71 165
71 174
71 189
71 195
71 223
72 73
72 74
72 77
72 78
72 84
72 96
72 110
72 113
72 117
72 131
72 151
72 158
72 164
72 178
72 188
72 194
72 199
72 228
72 237
72 239
72 248
73 83
73 97
73 100
73 106
73 110
73 124
73 126
73 132
73 139
73 154
73 169
73 186
73 195
73 200
73 203
73 220
73 228
73 232
73 250
74 78
74 81
74 91
74 108
74 114
74 118
74 139
74 143
74 149
74 169
74 199
74 215
74 232
74 234
75 129
75 147
75 171
75 177
75 180
75 198
75 203
75 211
75 229
75 243
75 247
76 118
76 123
76 141
76 149
76 169
76 173
76 180
76 206
76 231
77 96
77 113
77 116
77 128
77 161
77 165
77 169
77 195
77 221
77 230
78 100
78 112
78 122
78 135
78 139
78 162
78 191
78 206
78 228
78 243
79 161
79 212
79 214
79 218
79 225
79 248
80 84
80 111
80 174
80 178
80 196
80 201
80 206
80 231
80 233
80 236
80 242
81 93
81 110
81 119
81 120
81 123
81 133
81 136
81 142
81 145
81 146
81 159
81 179
81 185
81 198
81 207
81 246
82 93
82 110
82 112
82 117
82 119
82 135
82 139
82 147
82 173
82 198
82 228
82 241
82 251
83 91
83 103
83 131
83 133
83 149
83 173
83 175
83 181
83 192
83 198
83 206
83 245
84 88
84 114
84 116
84 124
84 142
84 143
84 161
84 175
84 192
84 194
84 211
84 213
84 238
85 98
85 100
85 108
85 115
85 138
85 154
85 189
85 190
85 201
85 241
85 248
86 90
86 111
86 140
86 153
86 184
86 194
86 214
86 229
86 233
86 235
86 243
86 247
87 88
87 91
87 93
87 101
87 109
87 117
87 119
87 135
87 150
87 153
87 170
87 199
87 214
87 219
87 241
88 93
88 99
88 105
88 114
88 121
88 127
88 131
88 159
88 163
88 190
88 211
88 234
88 243
89 94
89 96
89 104
89 111
89 119
89 144
89 148
89 151
89 165
89 168
89 226
89 233
89 244
89 246
90 94
90 121
90 128
90 132
90 147
90 150
90 158
90 189
90 191
90 194
90 201
90 205
90 207
90 217
90 219
90 228
90 233
90 248
91 120
91 149
91 157
91 164
91 171
91 174
91 199
91 211
91 214
91 215
91 221
91 222
92 113
92 129
92 131
92 150
92 172
92 180
92 187
92 198
92 207
92 215
93 110
93 111
93 129
93 133
93 143
93 169
93 176
93 177
93 183
93 198
93 199
93 202
93 211
93 240
94 108
94 111
94 115
94 119
94 143
94 151
94 157
94 177
94 188
94 229
95 99
95 102
95 106
95 107
95 112
95 116
95 127
95 150
95 163
95 165
95 192
95 230
95 250
96 100
96 120
96 133
96 137
96 140
96 149
96 173
96 196
96 203
96 212
96 240
96 242
96 248
97 98
97 100
97 101
97 129
97 131
97 143
97 148
97 167
97 178
97 190
97 192
97 197
97 209
97 224
97 233
98 104
98 109
98 114
98 121
98 127
98 129
98 137
98 141
98 144
98 164
98 170
98 178
98 210
98 231
98 246
99 110
99 140
99 160
99 234
99 245
100 130
100 145
100 148
100 154
100 169
100 176
100 177
100 180
100 194
100 215
100 231
100 250
101 124
101 134
101 156
101 208
101 233
101 244
102 109
102 110
102 132
102 151
102 161
102 212
102 224
102 225
102 229
102 246
103 121
103 142
103 167
103 199
103 211
103 226
103 227
103 229
104 114
104 118
104 127
104 129
104 168
104 176
104 179
104 181
104 205
104 207
104 210
105 115
105 118
105 132
105 153
105 163
105 167
105 168
105 174
105 176
105 178
105 181
105 185
105 191
105 229
105 235
105 249
105 251
106 109
106 113
106 126
106 149
106 151
106 156
106 157
106 173
106 184
106 189
106 197
106 212
106 220
106 222
106 225
106 238
107 125
107 135
107 153
107 168
107 192
107 203
107 219
107 220
107 251
108 122
108 133
108 134
108 136
108 142
108 152
108 162
108 165
108 166
108 192
108 208
108 209
108 215
109 111
109 117
109 118
109 119
109 120
109 121
109 125
109 145
109 157
109 167
109 213
110 112
110 117
110 122
110 128
110 132
110 147
110 149
110 159
110 163
110 171
110 177
110 190
110 197
110 203
110 205
110 209
110 214
110 225
110 241
111 154
111 156
111 159
111 169
111 177
111 183
111 205
111 214
111 218
112 139
112 143
112 164
112 200
112 205
112 206
112 243
113 114
113 119
113 154
113 172
113 184
113 238
113 240
114 143
114 147
114 157
114 162
114 166
114 192
114 202
114 248
115 132
115 154
115 169
115 187
115 226
115 233
115 244
115 245
116 127
116 146
116 153
116 155
116 166
116 203
116 223
116 235
116 247
117 123
117 167
117 183
117 187
117 191
117 226
117 228
117 230
117 237
117 245
118 120
118 141
118 143
118 192
118 199
118 201
118 212
118 223
118 240
119 127
119 128
119 151
119 153
119 160
119 171
119 201
119 240
119 242
119 245
119 248
120 129
120 131
120 134
120 144
120 157
120 167
120 174
120 175
120 186
120 207
120 221
120 247
121 129
121 134
121 138
121 141
121 174
121 188
121 209
121 211
121 218
121 230
121 240
121 243
121 244
121 250
121 251
122 124
122 140
122 143
122 156
122 164
122 186
122 194
122 206
122 217
122 235
122 236
122 244
123 129
123 133
123 155
123 169
123 176
123 179
123 184
123 187
123 191
123 192
123 209
123 234
123 251
124 147
124 166
124 181
124 223
124 251
125 148
125 151
125 158
125 184
125 189
125 197
125 205
125 208
125 235
125 237
125 244
126 134
126 135
126 159
126 163
126 172
126 173
126 177
126 183
126 206
127 136
127 169
127 188
127 201
127 207
127 209
127 224
127 229
128 139
128 147
128 195
128 202
128 223
128 235
128 247
128 251
129 132
129 150
129 173
129 182
129 192
129 197
129 205
129 206
129 224
129 246
130 135
130 151
130 184
130 191
130 197
130 208
130 209
130 236
130 242
130 244
131 138
131 156
131 164
131 211
131 214
131 218
131 225
131 231
131 242
131 244
131 248
132 143
132 147
132 198
132 205
132 209
132 213
132 215
132 217
132 218
132 227
133 149
133 152
133 153
133 154
133 173
133 191
133 203
133 205
133 210
133 212
133 219
133 230
134 135
134 156
134 161
134 170
134 197
134 200
134 208
134 212
135 137
135 140
135 167
135 197
135 206
135 209
136 141
136 142
136 163
136 164
136 179
136 185
136 193
136 204
136 217
136 240
136 241
137 146
137 159
137 170
137 200
137 211
137 214
137 237
138 146
138 173
138 177
138 179
138 210
138 218
138 225
138 231
138 232
138 241
139 144
139 159
139 190
139 209
139 211
139 219
139 230
139 235
140 155
140 159
140 161
140 164
140 178
140 199
140 204
140 221
140 224
140 232
140 235
140 245
140 251
141 149
141 155
141 170
141 183
141 196
141 201
141 204
141 237
141 244
142 145
142 157
142 203
142 238
142 239
142 241
142 246
143 145
143 152
143 156
143 159
143 186
143 187
143 193
143 195
143 201
143 209
144 148
144 156
144 173
144 213
144 218
144 219
144 244
144 249
145 150
145 159
145 164
145 211
145 228
145 237
146 164
146 174
146 207
146 213
146 217
146 218
146 227
146 229
146 234
146 239
146 240
146 243
147 148
147 158
147 165
147 205
147 212
147 213
147 228
147 231
147 235
147 236
147 237
147 249
148 159
148 176
148 177
148 178
148 195
148 219
148 228
148 230
148 244
148 251
149 159
149 166
149 202
149 206
149 208
149 210
149 243
149 247
149 251
150 156
150 157
150 161
150 165
150 181
150 192
150 212
150 235
150 249
151 218
151 223
151 237
151 251
152 176
152 182
152 197
152 214
152 234
152 245
153 164
153 175
153 182
153 195
153 199
153 203
153 221
153 241
154 163
154 172
154 173
154 177
154 178
154 179
154 181
154 182
154 190
154 199
154 200
154 208
154 226
154 239
154 247
155 156
155 159
155 165
155 172
155 175
155 192
155 203
155 208
155 215
155 234
156 165
156 180
156 198
156 210
156 224
156 231
157 162
157 169
157 184
157 186
157 198
157 233
157 236
158 170
158 201
158 202
158 207
158 221
158 239
158 248
158 250
159 172
159 174
159 184
159 205
159 237
160 161
160 242
160 248
161 165
161 189
161 198
161 217
161 248
162 186
162 204
162 228
162 230
162 235
162 237
163 180
163 184
163 187
163 217
163 235
163 242
163 245
164 169
164 184
164 191
164 199
164 216
164 234
165 173
165 179
165 183
165 185
165 208
165 227
165 230
165 233
166 184
166 206
166 210
166 228
166 233
166 235
166 240
166 246
167 170
167 217
167 223
167 225
167 232
167 245
167 247
168 186
168 190
168 193
168 198
168 232
168 234
168 246
169 177
169 191
169 196
169 205
169 241
170 212
170 219
170 220
170 225
170 251
171 187
171 212
171 237
172 174
172 182
172 207
172 216
172 246
173 174
173 175
173 197
173 199
173 214
173 224
173 225
173 229
173 231
173 239
173 242
174 175
174 179
174 190
174 191
174 196
174 203
174 206
175 176
175 178
175 187
175 210
175 231
176 179
176 182
176 187
176 204
176 209
176 230
176 232
176 236
176 238
176 251
177 180
177 181
177 194
177 222
177 251
178 183
178 189
178 223
178 231
178 236
178 245
178 246
178 247
179 181
179 191
179 192
179 216
179 225
179 227
180 204
180 229
181 212
181 213
181 218
181 221
181 242
182 203
182 208
182 219
182 234
182 238
183 200
183 203
183 229
183 230
183 237
183 248
184 227
184 229
184 231
185 203
185 208
185 234
185 245
186 193
186 201
186 204
186 206
186 209
186 213
186 225
186 228
186 234
187 228
187 243
187 244
187 250
188 192
188 215
188 220
188 223
188 234
188 245
188 249
189 208
189 232
189 234
189 251
190 195
190 199
190 222
190 223
190 225
190 231
191 194
191 198
191 202
191 204
191 208
191 222
192 194
192 196
192 221
192 231
192 241
192 243
192 248
193 237
193 238
194 205
194 208
194 209
194 219
194 227
195 234
195 250
196 204
196 206
196 226
196 228
196 233
196 245
196 250
197 217
197 232
197 247
198 199
198 215
199 201
199 207
199 229
199 231
199 240
199 242
199 248
199 251
200 210
200 215
200 239
200 250
201 216
201 221
201 225
201 238
202 216
202 239
203 204
203 213
203 218
203 246
204 207
204 228
204 237
204 244
205 211
205 230
205 231
205 234
205 248
206 210
206 213
206 223
206 230
206 232
206 242
207 208
207 233
207 247
208 210
208 229
208 234
208 240
208 242
209 210
209 214
209 221
210 221
210 228
211 222
211 233
211 235
211 241
211 246
212 230
212 235
213 219
213 223
213 232
213 236
213 239
213 244
213 249
214 224
214 229
215 239
215 240
215 245
217 228
217 230
217 240
217 247
218 232
218 244
219 221
219 224
219 225
219 241
219 242
220 241
220 245
221 223
221 228
221 236
221 239
222 240
222 251
223 236
223 247
224 231
224 239
224 246
224 247
225 226
225 236
226 235
226 244
228 240
228 244
228 247
229 240
230 235
230 248
230 251
231 244
235 239
235 246
237 251
239 243
239 244
239 250
240 251
241 243
242 248
243 245
244 248
246 247
249 250
