390 3038
53 33 75 63 119 57 65 80 29 59 35 92 113 46 48 79 58 108 42 71 66 115 38 23 114 15 56 89 41 78 92 20 92 59 68 98 38 83 93 28 94 90 81 17 101 95 74 37 90 75 33 12 110 116 97 58 20 66 61 28 96 37 82 30 118 66 119 43 78 68 116 32 40 68 57 70 53 44 95 20 34 12 50 23 21 71 30 80 53 20 43 103 81 48 48 119 63 39 38 102 68 58 99 113 59 47 84 93 74 52 25 36 83 17 109 15 40 119 35 30 38 12 53 33 90 44 17 39 104 76 46 72 21 84 90 26 75 46 54 97 75 12 95 12 54 55 111 48 118 60 12 74 43 107 88 102 79 95 103 52 35 117 75 61 56 36 19 60 34 63 34 105 17 106 12 32 21 96 100 34 71 90 55 70 31 59 41 49 69 45 37 17 97 54 10 60 69 17 49 108 109 47 107 52 78 116 95 51 54 110 24 85 111 29 94 73 65 32 87 28 81 77 54 106 45 89 45 43 10 104 16 94 116 90 64 73 11 62 101 98 51 37 19 111 67 113 103 107 21 33 90 72 112 108 18 91 106 70 48 83 88 38 61 50 80 62 109 72 119 49 63 70 72 34 61 14 112 35 69 115 20 19 96 16 116 23 92 103 97 70 120 105 54 118 111 92 117 71 13 113 92 55 13 106 94 107 85 19 57 36 20 88 54 51 36 41 120 16 89 82 84 58 69 41 115 48 102 92 85 44 110 105 115 45 68 43 65 98 75 23 53 32 84 77 31 17 70 100 98 120 111 68 106 59 59 21 62 52 13 69 109 66 23 63 19 96 13 45 102 70 69 80 35 119 104 34 92 61 103 33 35 42 73 23 118 98 115 98 62 49
0 70
0 73
0 107
0 172
0 214
0 240
0 274
0 293
0 377
1 19
1 27
1 86
1 110
1 142
1 159
1 175
1 178
1 210
1 238
1 241
1 296
1 325
1 374
1 383
1 386
2 11
2 53
2 194
2 205
2 233
2 294
2 295
2 301
2 385
2 387
3 11
3 41
3 42
3 65
3 75
3 80
3 86
3 96
3 130
3 143
3 158
3 189
3 219
3 273
3 293
3 299
3 302
3 313
3 335
3 381
4 6
4 44
4 66
4 71
4 77
4 94
4 112
4 171
4 219
4 307
4 313
5 11
5 33
5 39
5 44
5 99
5 121
5 134
5 151
5 201
5 202
5 213
5 215
5 216
5 229
5 272
5 280
5 301
5 315
5 317
6 51
6 52
6 82
6 84
6 107
6 182
6 215
6 218
6 237
6 246
6 247
6 264
6 270
6 282
6 289
6 297
6 322
6 333
7 48
7 63
7 79
7 134
7 144
7 147
7 160
7 183
7 194
7 264
7 272
7 334
7 371
8 70
8 89
8 95
8 98
8 138
8 146
8 155
8 161
8 227
8 268
8 321
8 357
8 372
8 374
9 11
9 20
9 48
9 111
9 115
9 121
9 127
9 129
9 261
9 264
9 281
9 307
9 319
9 326
9 349
9 372
10 53
10 106
10 119
10 120
10 141
10 154
10 176
10 267
10 294
10 314
10 317
10 327
10 387
11 77
11 83
11 130
11 228
11 245
11 324
11 345
11 347
11 370
12 19
12 39
12 74
12 81
12 85
12 91
12 111
12 116
12 131
12 260
12 286
12 300
12 301
12 319
12 343
12 345
12 375
13 16
13 21
13 56
13 94
13 104
13 153
13 156
13 169
13 171
13 194
13 217
13 259
13 376
13 377
14 27
14 39
14 53
14 60
14 67
14 96
14 123
14 131
14 157
14 159
14 190
14 199
14 200
14 201
14 206
14 223
14 226
14 236
14 248
14 284
14 296
14 306
14 332
15 16
15 36
15 41
15 43
15 58
15 63
15 90
15 119
15 144
15 156
15 198
15 296
15 339
15 358
16 21
16 34
16 44
16 58
16 75
16 94
16 159
16 184
16 204
16 213
16 214
16 222
16 249
16 253
16 303
16 311
16 325
16 389
17 51
17 99
17 100
17 103
17 117
17 145
17 205
17 276
17 296
17 301
17 318
17 328
17 358
17 364
17 381
18 26
18 44
18 45
18 84
18 87
18 93
18 116
18 120
18 125
18 140
18 145
18 153
18 166
18 172
18 193
18 197
18 219
18 233
18 242
18 254
18 258
18 268
18 269
18 318
18 336
18 371
18 372
19 41
19 61
19 87
19 104
19 108
19 127
19 130
19 157
19 159
19 168
19 180
19 188
19 191
19 215
19 283
19 284
19 312
19 327
19 339
19 380
20 65
20 144
20 158
20 159
20 182
20 198
20 208
20 222
20 252
20 258
20 264
20 296
20 299
20 375
21 33
21 66
21 94
21 96
21 129
21 132
21 170
21 174
21 175
21 231
21 245
21 275
21 340
21 366
21 381
22 31
22 98
22 111
22 136
22 163
22 208
22 248
22 303
22 312
22 317
22 333
23 118
23 143
23 144
23 152
23 162
23 192
23 205
23 220
23 246
23 249
23 257
23 286
23 317
23 322
23 330
23 344
23 361
23 366
23 376
23 380
24 30
24 33
24 73
24 85
24 92
24 96
24 148
24 166
24 173
24 197
24 221
24 228
24 272
24 292
24 298
24 316
24 329
24 365
24 374
25 27
25 87
25 118
25 146
25 154
25 199
25 203
25 296
25 299
25 364
25 369
25 376
26 47
26 97
26 130
26 196
26 201
26 215
26 223
26 251
26 278
26 299
26 326
26 330
26 331
26 366
27 97
27 106
27 124
27 141
27 150
27 171
27 177
27 186
27 192
27 217
27 270
27 276
27 283
27 331
27 376
28 43
28 67
28 149
28 181
28 248
28 343
28 357
28 367
29 70
29 72
29 111
29 168
29 175
29 220
29 225
29 246
29 262
29 283
29 293
29 309
29 355
29 375
30 74
30 94
30 135
30 140
30 151
30 156
30 172
30 181
30 216
30 236
30 241
30 268
30 319
30 339
30 344
31 105
31 144
31 147
31 175
31 176
31 213
31 246
31 330
31 343
31 356
31 367
32 34
32 42
32 50
32 60
32 63
32 65
32 95
32 101
32 141
32 186
32 190
32 193
32 230
32 235
32 330
32 345
33 146
33 148
33 160
33 174
33 198
33 248
33 255
33 318
33 322
33 346
33 366
33 389
34 38
34 61
34 96
34 103
34 119
34 156
34 186
34 214
34 286
34 294
34 311
34 389
35 44
35 61
35 89
35 113
35 137
35 148
35 158
35 159
35 201
35 207
35 237
35 293
35 307
35 322
35 329
36 43
36 83
36 99
36 113
36 122
36 130
36 164
36 179
36 224
36 297
37 50
37 65
37 69
37 95
37 152
37 165
37 171
37 183
37 220
37 257
37 298
37 302
37 322
37 330
37 332
37 367
37 378
38 81
38 128
38 162
38 207
38 247
38 266
38 350
38 361
38 371
38 378
39 54
39 110
39 122
39 135
39 148
39 152
39 185
39 202
39 203
39 215
39 234
39 237
39 258
39 262
39 312
39 314
39 370
39 374
39 380
40 55
40 65
40 90
40 113
40 131
40 136
40 153
40 193
40 202
40 209
40 227
40 240
40 248
40 273
40 309
40 329
40 331
40 339
40 343
40 381
40 384
41 43
41 69
41 121
41 126
41 141
41 158
41 163
41 175
41 329
41 344
41 357
41 370
41 376
42 59
42 81
42 135
42 155
42 165
42 170
42 171
42 209
42 216
42 235
42 253
42 273
42 276
42 292
42 295
42 300
42 336
42 337
42 342
42 347
42 354
42 364
42 375
42 386
42 387
43 75
43 109
43 125
43 156
43 183
43 194
43 198
43 218
43 238
43 257
43 266
43 277
43 296
43 319
43 334
43 347
43 349
43 357
44 50
44 64
44 78
44 91
44 97
44 107
44 134
44 194
44 229
44 247
44 268
44 338
44 345
44 375
44 387
45 49
45 66
45 71
45 85
45 89
45 120
45 155
45 181
45 201
45 208
45 226
45 230
45 234
45 237
45 261
45 280
45 335
46 64
46 110
46 124
46 140
46 151
46 161
46 166
46 173
46 182
46 248
46 249
46 263
46 283
46 296
46 302
46 319
46 340
46 363
46 374
46 384
47 60
47 63
47 74
47 113
47 181
47 229
47 257
47 321
47 332
48 128
48 136
48 224
48 226
48 237
48 278
48 306
48 311
48 320
48 340
48 350
48 367
48 370
48 372
49 73
49 92
49 131
49 152
49 184
49 227
49 276
49 284
49 290
49 293
49 297
49 308
49 318
50 52
50 68
50 125
50 126
50 150
50 180
50 217
50 300
50 326
50 339
50 360
50 365
50 375
51 95
51 100
51 104
51 140
51 153
51 154
51 157
51 187
51 193
51 194
51 223
51 237
51 240
51 253
51 308
51 348
51 383
52 77
52 132
52 134
52 152
52 154
52 198
52 206
52 256
52 260
52 299
52 308
52 319
52 332
52 340
52 353
52 359
53 115
53 118
53 151
53 154
53 174
53 214
53 226
53 303
53 308
53 329
53 346
53 371
53 384
54 79
54 111
54 141
54 164
54 198
54 202
54 237
54 251
54 255
54 264
54 326
54 363
54 378
55 58
55 97
55 119
55 146
55 168
55 198
55 201
55 261
55 305
55 345
55 371
56 64
56 118
56 119
56 195
56 198
56 226
56 236
56 241
56 276
56 329
56 338
56 341
56 371
57 58
57 72
57 86
57 93
57 173
57 198
57 202
57 233
57 237
57 246
57 278
57 286
57 311
57 331
57 344
57 352
57 384
58 75
58 85
58 106
58 124
58 146
58 170
58 173
58 231
58 259
58 299
58 336
58 344
59 68
59 86
59 120
59 205
59 231
59 251
59 282
59 297
59 302
59 347
59 357
59 376
60 73
60 79
60 92
60 109
60 142
60 162
60 185
60 219
60 236
60 262
60 302
60 308
61 65
61 104
61 157
61 166
61 171
61 194
61 205
61 231
61 244
61 263
61 295
61 347
61 365
61 376
62 103
62 127
62 130
62 140
62 151
62 188
62 198
62 228
62 258
62 261
62 271
62 349
62 352
62 359
62 366
62 383
62 388
63 74
63 101
63 120
63 143
63 203
63 254
63 256
63 309
64 89
64 90
64 167
64 180
64 181
64 196
64 202
64 237
64 303
64 332
64 377
65 69
65 76
65 107
65 118
65 121
65 126
65 129
65 138
65 163
65 190
65 193
65 223
65 241
65 279
65 285
65 289
65 295
65 341
65 346
65 349
65 384
65 388
66 165
66 179
66 187
66 204
66 224
66 229
66 290
66 299
66 309
66 311
66 358
67 76
67 100
67 111
67 132
67 141
67 160
67 180
67 183
67 190
67 214
67 219
67 231
67 299
67 319
67 330
67 368
68 71
68 86
68 92
68 109
68 154
68 182
68 191
68 228
68 235
68 237
68 267
68 277
68 297
68 310
68 339
68 388
69 71
69 89
69 109
69 119
69 142
69 204
69 260
69 266
69 269
69 279
69 293
69 325
69 330
69 351
69 358
70 120
70 132
70 139
70 143
70 185
70 233
70 244
70 283
70 293
70 320
70 328
70 336
70 352
71 87
71 104
71 121
71 132
71 170
71 200
71 220
71 251
71 283
71 292
71 295
71 313
71 314
71 326
71 364
71 369
71 373
72 100
72 124
72 189
72 222
72 226
72 245
72 249
72 290
72 340
72 366
73 75
73 143
73 172
73 194
73 195
73 221
73 225
73 253
73 299
73 310
73 331
73 332
73 335
73 360
73 377
73 379
73 384
74 105
74 125
74 170
74 209
74 210
74 243
74 251
74 265
74 305
74 310
74 329
75 157
75 160
75 165
75 169
75 195
75 209
75 230
75 248
75 252
75 264
75 346
75 368
76 86
76 141
76 156
76 157
76 188
76 211
76 253
76 292
76 310
76 341
76 360
76 363
76 364
76 382
76 383
76 387
77 84
77 103
77 119
77 127
77 145
77 196
77 223
77 255
77 282
77 360
77 372
78 92
78 123
78 185
78 281
78 304
78 308
78 375
79 81
79 123
79 151
79 194
79 205
79 232
79 248
79 258
79 266
79 267
79 307
79 309
79 351
79 376
79 377
80 114
80 153
80 213
80 240
80 293
80 304
80 337
80 373
81 102
81 103
81 127
81 183
81 217
81 221
81 247
81 292
81 337
81 381
81 387
82 116
82 125
82 132
82 140
82 141
82 174
82 204
82 227
82 234
82 324
82 366
83 92
83 117
83 157
83 192
83 202
83 283
83 325
83 375
84 100
84 172
84 173
84 182
84 214
84 224
84 272
84 340
84 359
85 148
85 175
85 292
85 343
86 102
86 124
86 135
86 195
86 274
86 285
86 287
86 330
86 337
86 372
86 375
87 94
87 124
87 177
87 207
87 218
87 261
87 269
87 277
87 295
87 296
87 311
87 370
87 376
88 96
88 131
88 135
88 144
88 146
88 162
88 163
88 173
88 193
88 236
88 371
88 383
88 387
89 119
89 136
89 156
89 159
89 200
89 214
89 216
89 220
89 255
89 387
90 131
90 133
90 139
90 154
90 166
90 187
90 225
90 252
90 259
90 298
90 306
90 307
90 317
90 340
91 95
91 104
91 115
91 140
91 148
91 171
91 180
91 190
91 201
91 222
91 239
91 256
91 325
91 336
92 116
92 125
92 141
92 173
92 176
92 221
92 267
92 268
92 307
92 324
92 378
93 148
93 171
93 198
93 215
93 279
93 281
93 286
93 385
94 102
94 113
94 121
94 123
94 128
94 130
94 168
94 176
94 184
94 198
94 206
94 218
94 274
94 285
94 292
94 357
94 370
94 374
95 133
95 161
95 187
95 192
95 236
95 243
95 275
95 290
95 298
95 309
95 389
96 195
96 241
96 242
96 247
96 258
96 268
96 292
96 312
96 358
96 374
96 378
97 109
97 169
97 206
97 266
97 272
97 275
97 278
97 296
97 333
97 387
98 119
98 199
98 215
98 255
98 271
98 297
98 312
98 317
98 343
98 364
98 370
98 378
99 159
99 190
99 195
99 224
99 233
99 246
99 268
99 298
99 321
99 325
99 350
99 355
100 105
100 109
100 113
100 142
100 148
100 156
100 180
100 194
100 196
100 207
100 209
100 233
100 270
100 306
100 349
101 134
101 150
101 188
101 211
101 226
101 251
101 291
101 366
101 377
102 128
102 154
102 168
102 177
102 191
102 262
102 283
102 289
102 325
102 328
102 355
102 379
103 107
103 125
103 171
103 174
103 225
103 229
103 248
103 278
103 310
103 311
103 339
103 353
103 370
104 105
104 107
104 110
104 111
104 112
104 130
104 177
104 179
104 202
104 206
104 252
104 258
104 277
104 307
104 311
104 329
104 338
104 376
105 146
105 150
105 183
105 242
105 246
105 267
105 371
106 149
106 188
106 194
106 221
106 230
106 278
106 297
106 316
106 330
106 359
106 367
107 112
107 157
107 159
107 225
107 248
107 266
107 270
107 274
107 291
107 304
107 333
107 341
107 346
107 361
107 372
108 169
108 181
108 203
108 216
108 276
108 277
108 310
108 320
108 322
108 332
108 354
108 371
108 375
109 164
109 207
109 208
109 229
109 240
109 242
109 274
109 318
109 337
109 356
109 378
110 176
110 209
110 238
110 299
110 304
110 321
110 324
110 327
110 379
111 136
111 183
111 194
111 196
111 214
111 230
111 242
111 273
111 303
111 318
111 332
111 358
111 367
111 372
111 376
112 115
112 129
112 147
112 173
112 189
112 195
112 200
112 201
112 206
112 231
112 273
112 275
112 290
112 361
112 373
113 121
113 165
113 215
113 228
113 345
113 379
114 140
114 155
114 208
114 234
114 242
114 292
114 333
114 336
114 376
114 377
115 207
115 244
115 249
115 250
115 306
115 310
115 334
115 362
115 384
115 389
116 162
116 195
116 199
116 214
116 238
116 249
116 256
116 260
116 264
116 344
116 345
116 362
116 363
117 139
117 140
117 156
117 202
117 219
117 220
117 298
117 366
118 134
118 142
118 157
118 171
118 233
118 245
118 293
118 322
118 327
119 157
119 163
119 206
119 246
119 291
119 316
119 351
119 353
119 354
119 362
119 363
119 371
119 379
120 130
120 140
120 146
120 156
120 174
120 188
120 214
120 261
120 271
120 274
120 285
120 318
120 321
120 326
120 335
120 375
121 123
121 135
121 155
121 176
121 183
121 184
121 246
121 249
121 270
121 290
121 299
121 306
121 354
121 355
121 375
122 133
122 140
122 161
122 187
122 189
122 197
122 199
122 232
122 233
122 235
122 247
122 260
122 265
122 284
122 305
122 345
122 372
122 380
123 129
123 146
123 155
123 157
123 207
123 214
123 222
123 231
123 295
123 297
123 303
123 347
123 383
123 386
124 139
124 169
124 180
124 188
124 200
124 246
124 281
124 286
124 294
124 322
124 352
124 360
124 372
125 128
125 132
125 143
125 164
125 181
125 182
125 183
125 339
125 369
125 374
126 225
126 272
126 285
126 292
126 356
126 377
127 130
127 136
127 189
127 202
127 227
127 296
127 300
127 338
128 135
128 136
128 191
128 225
128 281
128 286
128 313
128 322
128 330
128 389
129 150
129 157
129 218
129 232
129 317
129 340
129 367
129 374
130 178
130 309
130 312
130 329
130 342
130 359
130 375
130 379
131 136
131 139
131 179
131 221
131 235
131 266
131 322
131 326
131 331
131 365
132 148
132 149
132 158
132 163
132 177
132 190
132 216
132 253
132 261
132 279
132 289
132 291
132 306
132 327
132 336
132 337
132 374
132 389
133 165
133 213
133 235
133 280
133 291
133 315
133 343
133 359
133 371
133 377
133 378
134 152
134 195
134 269
134 270
134 283
134 315
134 325
135 255
135 258
135 261
135 292
135 356
135 387
136 149
136 177
136 297
136 298
136 299
136 302
136 315
137 187
137 190
137 243
137 267
137 281
137 315
137 323
137 326
137 347
137 365
138 148
138 164
138 170
138 187
138 198
138 208
138 216
138 267
138 274
138 280
138 322
138 347
138 348
138 367
139 171
139 195
139 201
139 213
139 232
139 279
139 319
139 347
139 366
140 167
140 214
140 215
140 216
140 237
140 242
140 275
140 278
140 340
141 202
141 253
141 287
141 310
141 343
142 148
142 164
142 194
142 271
142 299
142 332
142 335
142 368
143 160
143 197
143 230
143 264
143 276
143 283
143 299
143 302
143 310
143 331
143 346
143 371
144 170
144 195
144 201
144 223
144 244
144 255
144 265
144 301
144 330
144 332
144 341
144 358
144 364
145 174
145 186
145 191
145 202
145 206
145 221
145 237
145 258
145 262
145 279
145 344
145 345
145 382
146 226
146 230
146 305
146 348
146 351
146 378
146 388
147 162
147 197
147 201
147 205
147 244
147 305
147 353
147 354
147 369
147 378
148 150
148 173
148 186
148 196
148 213
148 249
148 267
148 293
148 332
148 344
149 151
149 162
149 178
149 195
149 197
149 199
149 289
149 311
149 313
149 328
149 367
150 186
150 223
150 243
150 270
150 310
150 317
150 319
150 354
150 382
151 155
151 194
151 221
151 237
151 250
151 298
151 319
151 323
151 354
152 156
152 178
152 185
152 215
152 217
152 237
152 253
152 273
152 293
152 306
152 314
152 331
152 334
152 359
152 384
153 154
153 160
153 258
153 274
153 275
153 288
153 289
153 297
153 311
153 323
153 352
153 376
153 385
154 160
154 169
154 181
154 226
154 261
154 275
154 312
154 327
155 221
155 240
155 245
155 250
155 265
155 267
155 316
155 365
155 383
156 186
156 238
156 242
156 255
156 276
156 296
156 332
156 341
156 356
156 379
156 387
156 389
157 168
157 210
157 211
157 257
157 314
157 316
157 319
157 324
157 349
157 373
157 380
158 178
158 188
158 206
158 247
158 251
158 264
158 297
158 304
158 321
158 359
159 163
159 178
159 181
159 236
159 259
159 265
159 282
159 316
159 337
159 343
159 347
159 348
159 359
160 161
160 182
160 268
160 273
160 287
160 355
161 169
161 176
161 186
161 193
161 200
161 236
161 240
161 269
161 279
161 281
161 298
161 306
161 359
161 371
162 182
162 213
162 217
162 223
162 228
162 230
162 233
162 237
162 243
162 245
162 255
162 325
162 333
162 378
163 186
163 196
163 266
163 267
163 281
163 366
164 183
164 196
164 263
164 285
164 293
164 299
164 300
164 335
164 369
164 380
165 227
165 354
166 175
166 192
166 193
166 205
166 221
166 283
166 305
166 376
167 200
167 203
167 245
167 316
167 368
168 201
168 233
168 305
168 320
168 364
168 382
169 188
169 256
169 272
169 301
169 303
169 327
169 329
169 331
169 379
170 208
170 233
170 274
170 276
170 278
170 321
170 323
170 372
170 379
171 251
171 293
171 327
171 335
171 354
171 372
171 387
172 194
172 202
172 207
172 257
172 297
172 303
172 313
173 210
173 369
173 385
174 183
174 271
174 313
174 342
174 359
175 201
175 226
175 308
175 325
175 335
175 341
175 354
175 374
175 381
176 241
176 264
176 313
176 343
176 344
176 366
176 376
176 378
177 196
177 233
177 244
177 258
177 259
177 275
177 288
177 292
177 327
177 345
177 352
177 366
177 384
178 209
178 216
178 217
178 284
178 297
178 348
178 371
179 254
179 269
179 309
179 326
179 328
179 331
179 334
180 191
180 296
180 357
180 366
181 217
181 222
181 260
181 278
181 303
181 336
181 366
181 368
181 386
182 183
182 217
182 236
182 238
182 242
183 184
183 197
183 227
183 229
183 249
183 274
183 301
183 387
184 217
184 233
184 238
184 239
184 247
184 272
184 278
184 310
184 321
184 322
185 219
185 227
185 238
185 254
185 269
185 292
185 313
185 347
185 360
186 206
186 230
186 270
186 284
186 292
186 294
186 308
186 325
186 356
187 189
187 210
187 252
187 281
187 320
187 369
188 193
188 227
188 300
188 335
188 342
188 344
188 372
188 386
189 236
189 248
189 271
189 278
189 326
189 336
189 343
189 368
189 383
190 291
190 306
190 353
191 196
191 244
191 252
191 317
191 362
191 363
191 378
192 199
192 205
192 214
192 257
192 274
192 276
192 347
192 365
192 379
192 386
192 387
193 204
193 228
193 237
193 240
193 256
193 281
193 286
193 289
193 305
193 330
193 351
193 375
193 377
194 204
194 222
194 242
194 259
194 358
194 376
195 289
195 333
196 202
196 228
196 260
196 262
196 271
196 297
196 309
196 318
196 340
196 377
197 248
197 284
197 301
197 332
197 368
197 371
198 203
198 274
198 292
198 311
198 383
199 204
199 222
199 243
199 280
199 302
199 308
199 315
199 342
199 357
199 371
200 206
200 219
200 251
200 323
200 327
200 335
201 203
201 211
201 217
201 297
201 298
201 301
201 310
201 312
201 351
201 382
201 388
202 288
202 335
202 341
202 348
202 349
202 350
202 376
203 204
203 205
203 208
203 234
204 224
204 227
204 262
204 278
204 313
204 325
204 372
204 379
205 239
205 241
205 274
205 277
205 279
205 313
205 338
205 354
205 376
206 220
206 240
206 242
206 266
206 299
206 349
207 323
207 325
208 232
208 277
208 309
208 380
208 385
209 216
209 262
209 287
209 288
209 296
209 301
209 313
209 336
209 363
209 365
209 368
209 377
210 256
210 275
210 276
210 296
210 319
210 320
210 351
210 373
210 378
211 215
211 250
211 253
211 322
211 327
211 357
211 383
212 225
212 278
212 280
212 301
212 308
212 316
212 326
212 330
212 339
213 228
213 238
213 248
213 256
213 262
213 269
213 290
213 323
213 326
213 327
213 330
213 335
214 224
214 242
214 252
214 264
214 307
214 357
215 247
215 276
215 290
215 301
215 304
215 314
215 317
215 330
216 222
216 227
216 229
216 293
216 322
216 328
216 379
216 387
217 222
217 248
217 267
217 279
217 289
217 293
217 315
217 332
218 258
218 295
218 306
218 315
218 348
218 369
218 371
218 375
218 387
218 389
219 221
219 222
219 251
219 325
219 344
219 346
219 382
219 384
220 295
220 314
220 323
220 363
220 372
220 375
220 376
220 384
221 227
221 239
221 256
221 258
221 328
221 364
222 232
222 280
222 344
222 348
222 386
223 233
223 279
223 289
223 353
223 362
223 364
224 273
224 296
224 346
224 359
225 230
225 252
225 263
225 302
225 330
225 373
226 270
226 298
226 313
226 321
226 335
226 358
226 360
227 232
227 238
227 275
227 282
227 299
227 301
227 313
227 349
227 358
228 232
228 322
228 372
228 380
229 256
229 258
229 272
229 322
229 351
230 238
230 244
230 263
230 361
231 232
231 297
231 349
232 264
232 279
232 286
232 310
232 377
233 253
233 319
233 331
233 339
233 344
233 355
233 379
234 255
234 261
234 265
234 270
234 281
234 309
234 337
234 368
235 240
235 256
235 280
235 296
235 304
235 330
235 344
235 346
235 386
236 252
236 259
236 273
236 298
236 306
236 313
236 318
236 330
236 376
237 274
237 316
237 333
238 239
238 245
238 284
238 293
238 315
238 364
239 253
239 261
239 273
239 274
239 308
239 317
239 370
239 383
240 259
240 271
240 301
240 329
240 361
241 278
241 362
241 377
241 388
242 276
242 295
242 296
242 334
242 349
242 362
242 366
242 367
242 373
243 248
243 285
243 362
244 278
244 297
244 312
244 328
244 351
245 270
245 277
245 284
245 290
245 338
245 343
245 384
245 388
246 277
246 340
247 255
247 257
247 265
247 273
247 296
247 312
247 354
247 364
247 381
248 270
248 287
248 292
249 288
249 313
249 333
249 341
249 354
249 361
250 277
250 288
250 292
250 336
250 347
250 348
251 269
251 292
251 298
251 336
251 346
251 371
252 288
252 307
252 317
252 321
252 383
253 309
253 317
253 349
253 383
254 280
254 362
255 261
255 272
255 300
255 315
255 318
256 319
256 327
256 374
257 265
257 269
257 316
257 320
257 383
257 388
258 259
258 260
258 275
258 308
258 357
258 375
259 271
259 279
259 307
259 379
259 383
260 275
260 344
260 346
260 370
261 279
261 306
261 357
261 373
261 375
262 268
262 297
262 312
262 324
262 371
262 382
263 280
263 313
263 325
263 343
263 345
264 269
264 278
264 305
264 384
265 301
265 323
265 360
265 382
265 384
266 284
266 301
266 310
266 318
266 348
267 277
267 295
267 318
267 366
268 281
268 313
268 331
268 334
269 278
269 288
269 322
269 333
270 280
270 294
270 305
270 324
270 333
270 334
270 355
270 361
270 382
270 385
271 296
271 302
271 360
271 361
271 366
271 368
272 289
272 292
272 343
272 348
272 385
273 330
273 355
273 387
274 292
274 331
274 346
274 353
274 381
275 321
275 363
275 366
275 384
276 305
276 353
276 383
277 324
277 329
278 331
278 341
278 375
279 302
279 331
279 341
279 353
279 385
280 293
280 348
280 363
280 367
280 377
280 388
281 347
282 305
282 308
282 357
282 364
283 286
283 304
283 324
283 353
284 304
284 308
284 364
285 294
285 349
286 336
286 345
287 288
287 307
287 355
287 365
288 299
288 314
288 336
289 306
289 364
289 368
289 386
290 296
290 303
290 308
290 310
290 340
290 386
291 361
291 376
292 316
292 339
292 355
292 366
293 303
293 304
294 335
294 342
294 351
294 387
295 299
295 313
295 341
295 370
295 373
295 377
295 382
296 331
297 317
297 321
297 333
297 361
298 300
298 319
298 335
298 349
299 301
300 331
300 336
300 344
300 348
300 349
300 370
300 381
301 303
301 357
301 372
301 374
302 329
302 332
302 334
302 365
303 318
303 339
303 357
303 373
304 350
305 315
305 360
306 338
307 380
307 386
307 389
308 322
308 353
308 354
308 371
309 317
309 333
309 345
310 331
310 386
312 316
313 356
313 361
313 382
314 343
314 363
314 387
315 342
316 321
316 336
316 383
316 385
317 324
317 343
317 348
317 383
318 370
319 348
320 340
320 344
320 373
321 336
321 338
321 352
321 361
321 384
322 338
322 357
322 366
323 348
323 364
323 373
323 389
324 343
324 345
324 361
324 362
325 341
326 377
327 331
327 333
327 387
328 364
328 369
328 380
329 331
329 343
329 353
330 338
330 341
330 369
330 373
330 374
331 333
331 348
331 365
331 369
331 371
331 382
332 373
332 379
335 374
336 346
336 369
336 370
336 382
338 355
338 373
338 380
339 354
339 358
340 363
340 376
340 384
341 364
342 388
344 351
344 354
344 365
344 375
345 375
346 379
346 380
346 388
349 356
349 357
349 360
349 370
350 369
351 354
353 389
354 389
355 358
356 358
357 378
357 381
359 384
359 387
360 367
362 377
362 384
364 386
366 370
367 374
369 383
370 387
371 373
372 375
372 386
372 389
373 389
375 385
376 381
378 388
384 387
