500 4933
115 41 28 81 15 73 13 102 42 108 69 105 112 56 26 58 95 37 16 85 43 90 63 107 27 59 99 74 18 82 54 66 37 98 45 61 11 109 77 102 75 14 43 56 14 86 67 33 92 89 26 17 118 35 83 92 70 48 28 104 55 106 57 55 59 42 113 51 23 77 51 65 107 62 86 11 117 11 53 96 35 51 62 98 88 102 29 94 89 67 39 113 93 65 94 99 16 25 116 102 64 100 101 93 62 87 70 19 117 86 68 38 90 106 15 20 76 52 17 32 17 66 48 16 44 28 116 99 110 56 17 32 30 87 63 85 67 60 62 48 24 41 76 14 28 74 19 106 87 43 118 44 47 119 55 37 68 74 43 73 27 28 29 63 20 32 117 107 88 40 69 39 43 68 92 49 17 82 86 68 48 26 27 95 112 92 52 99 101 107 65 67 90 38 34 56 47 105 85 102 89 87 69 118 20 15 69 55 102 97 107 33 103 112 51 79 21 101 77 31 26 71 83 63 99 17 91 56 84 54 94 118 76 97 16 46 120 62 33 81 72 50 106 86 117 78 15 76 83 76 31 31 104 71 32 91 59 44 23 27 120 39 44 98 37 72 61 113 93 14 43 29 47 97 72 67 119 28 11 70 24 53 51 91 57 27 70 19 36 31 96 96 52 43 49 87 28 77 53 21 16 83 41 120 106 86 75 97 57 80 75 84 36 53 109 91 76 78 119 63 57 31 22 47 68 30 10 94 100 80 64 18 116 117 115 53 120 75 23 48 78 54 74 58 34 95 83 45 119 47 60 100 88 105 88 93 47 10 66 32 40 70 29 34 119 28 14 106 10 49 41 32 45 69 88 55 56 68 119 87 35 36 19 106 52 34 24 115 46 46 93 34 61 102 41 19 90 29 34 26 18 112 28 99 38 43 85 12 108 11 44 116 62 78 49 19 24 106 59 110 93 103 119 83 100 65 46 76 59 102 65 99 56 49 56 85 56 72 96 104 46 93 60 74 52 47 19 10 35 110 30 90 113 92 46 13 28 51 98 38 32 85 18 18 15 40 53 59 108 26 29 84 37 57 111 99 78 91 30 70 98 59 46 94 101 103 34 26 16 80 68 46 52 34 69 81 10 64 113 33
0 3
0 5
0 58
0 71
0 109
0 132
0 192
0 198
0 211
0 264
0 271
0 313
0 363
0 417
0 436
0 479
1 18
1 43
1 72
1 121
1 127
1 144
1 167
1 217
1 230
1 251
1 439
1 477
1 478
1 498
1 499
2 26
2 51
2 69
2 79
2 82
2 90
2 119
2 139
2 151
2 153
2 197
2 258
2 293
2 294
2 300
2 350
2 372
2 423
2 430
2 455
2 482
3 21
3 29
3 51
3 56
3 64
3 71
3 157
3 169
3 194
3 197
3 208
3 213
3 216
3 226
3 234
3 270
3 276
3 287
3 312
3 330
3 345
3 396
3 436
3 439
3 441
3 454
3 461
3 467
3 470
3 490
4 6
4 40
4 63
4 72
4 74
4 99
4 105
4 121
4 160
4 175
4 202
4 240
4 263
4 297
4 311
4 323
4 334
4 340
4 423
4 498
5 77
5 79
5 101
5 108
5 128
5 221
5 236
5 241
5 252
5 264
5 411
5 443
6 33
6 65
6 82
6 84
6 133
6 136
6 149
6 156
6 159
6 199
6 226
6 232
6 265
6 266
6 331
6 332
6 347
6 363
6 449
6 476
6 491
7 10
7 23
7 46
7 70
7 79
7 82
7 102
7 125
7 165
7 179
7 269
7 297
7 300
7 322
7 327
7 370
7 380
7 389
7 392
7 452
7 459
7 482
7 497
7 499
8 15
8 45
8 56
8 102
8 108
8 128
8 150
8 151
8 182
8 183
8 216
8 224
8 230
8 244
8 249
8 256
8 298
8 322
8 372
8 379
8 400
8 415
8 448
8 452
8 468
8 481
8 493
9 62
9 99
9 145
9 158
9 159
9 181
9 201
9 203
9 376
9 377
9 425
9 429
9 435
9 444
9 486
10 29
10 32
10 73
10 122
10 145
10 177
10 188
10 217
10 225
10 229
10 230
10 249
10 294
10 334
10 344
10 367
10 400
10 417
10 475
11 23
11 28
11 102
11 146
11 164
11 169
11 200
11 239
11 249
11 260
11 267
11 279
11 296
11 329
11 347
11 398
11 438
11 483
12 17
12 32
12 40
12 58
12 76
12 143
12 176
12 190
12 256
12 264
12 288
12 319
12 366
12 378
12 403
12 407
12 417
12 455
12 467
12 478
12 490
13 24
13 41
13 42
13 45
13 83
13 103
13 109
13 118
13 135
13 183
13 192
13 241
13 245
13 275
13 283
13 320
13 403
13 499
14 35
14 93
14 128
14 139
14 143
14 145
14 172
14 183
14 192
14 210
14 228
14 397
14 430
14 451
14 468
15 31
15 103
15 109
15 183
15 188
15 233
15 247
15 295
15 304
15 309
15 336
15 355
15 414
15 427
15 468
15 474
16 27
16 37
16 73
16 84
16 90
16 134
16 138
16 143
16 144
16 181
16 265
16 266
16 298
16 302
16 306
16 316
16 329
16 348
16 359
16 392
16 421
16 430
16 451
16 474
16 478
17 25
17 30
17 41
17 49
17 70
17 94
17 100
17 148
17 157
17 180
17 188
17 199
17 242
17 246
17 249
17 294
17 307
17 334
17 371
17 386
17 423
17 468
18 23
18 41
18 68
18 84
18 143
18 145
18 152
18 153
18 177
18 205
18 237
18 246
18 254
18 311
18 323
18 380
18 388
18 423
18 438
18 450
19 20
19 21
19 48
19 59
19 66
19 137
19 147
19 148
19 198
19 325
19 395
19 402
19 408
19 435
19 450
19 466
19 478
19 488
19 495
20 21
20 37
20 87
20 189
20 229
20 236
20 237
20 260
20 311
20 328
20 343
20 366
20 381
20 386
20 400
20 407
20 408
21 26
21 39
21 52
21 58
21 62
21 125
21 149
21 158
21 197
21 216
21 229
21 292
21 295
21 372
21 408
21 417
22 25
22 126
22 157
22 212
22 266
22 272
22 276
22 285
22 328
22 346
22 363
22 405
22 419
23 27
23 34
23 40
23 122
23 136
23 195
23 198
23 217
23 245
23 250
23 271
23 273
23 296
23 331
23 342
23 405
23 428
24 74
24 77
24 79
24 81
24 89
24 107
24 149
24 169
24 180
24 201
24 260
24 302
24 311
24 327
24 398
24 440
24 451
24 463
24 490
25 74
25 76
25 84
25 96
25 117
25 168
25 175
25 179
25 187
25 240
25 255
25 260
25 277
25 310
25 313
25 385
25 415
25 452
25 484
25 486
25 492
25 495
26 41
26 50
26 120
26 122
26 151
26 153
26 197
26 230
26 236
26 264
26 274
26 348
26 354
26 368
26 382
26 398
26 434
26 499
27 56
27 77
27 110
27 116
27 120
27 131
27 235
27 251
27 263
27 270
27 271
27 276
27 304
27 322
27 361
27 398
27 419
27 436
27 439
27 462
27 468
27 479
28 31
28 65
28 90
28 101
28 134
28 140
28 249
28 267
28 280
28 282
28 283
28 416
28 438
28 473
29 34
29 38
29 70
29 93
29 103
29 148
29 165
29 173
29 210
29 214
29 225
29 249
29 299
29 307
29 335
29 351
29 413
29 437
29 454
29 457
29 475
29 495
30 133
30 152
30 158
30 162
30 187
30 195
30 197
30 213
30 215
30 233
30 314
30 370
30 390
30 407
30 426
30 450
30 464
30 467
31 74
31 97
31 112
31 180
31 321
31 322
31 334
31 338
31 413
31 452
31 457
31 483
31 494
31 495
32 36
32 62
32 79
32 104
32 222
32 236
32 248
32 271
32 319
32 326
32 371
32 406
32 423
32 427
33 53
33 60
33 63
33 77
33 108
33 130
33 146
33 219
33 221
33 248
33 284
33 293
33 325
33 342
33 356
33 452
34 41
34 62
34 72
34 88
34 96
34 98
34 102
34 177
34 183
34 215
34 234
34 271
34 281
34 324
34 328
34 335
34 347
34 355
34 356
34 370
34 403
34 417
34 442
34 460
35 46
35 52
35 78
35 92
35 119
35 138
35 141
35 151
35 174
35 186
35 188
35 191
35 196
35 247
35 278
35 279
35 281
35 289
35 292
35 293
35 300
35 317
35 337
35 379
35 395
35 453
36 54
36 69
36 72
36 75
36 90
36 109
36 127
36 188
36 197
36 210
36 250
36 272
36 275
36 319
36 362
36 364
36 452
36 470
36 488
37 40
37 55
37 67
37 158
37 161
37 180
37 199
37 267
37 269
37 274
37 279
37 319
37 355
37 383
37 436
37 438
37 462
37 467
38 84
38 87
38 135
38 186
38 330
38 335
38 336
38 392
38 415
38 441
38 450
38 462
39 112
39 116
39 266
39 278
39 322
39 353
39 383
39 385
39 424
39 428
39 450
39 454
39 460
39 485
40 70
40 94
40 107
40 129
40 203
40 236
40 257
40 276
40 294
40 297
40 378
40 394
40 403
40 414
40 454
40 466
40 485
41 101
41 175
41 186
41 191
41 221
41 251
41 259
41 320
41 328
41 332
41 407
41 436
41 467
41 474
41 483
42 59
42 106
42 146
42 162
42 251
42 270
42 272
42 282
42 288
42 312
42 313
42 419
42 425
42 481
43 74
43 77
43 87
43 105
43 133
43 145
43 153
43 165
43 177
43 228
43 267
43 335
43 342
43 348
43 411
43 413
43 443
43 499
44 49
44 133
44 142
44 146
44 187
44 219
44 252
44 253
44 258
44 295
44 296
44 312
44 321
44 370
44 424
44 442
44 474
45 58
45 77
45 110
45 154
45 221
45 238
45 284
45 312
45 321
45 467
46 64
46 101
46 180
46 188
46 252
46 294
46 296
46 301
46 304
46 334
46 339
46 368
46 377
46 396
46 425
46 439
46 450
46 480
47 67
47 109
47 120
47 185
47 213
47 214
47 265
47 310
47 325
47 328
47 337
47 418
47 445
47 469
48 62
48 69
48 75
48 102
48 137
48 145
48 213
48 215
48 224
48 241
48 285
48 303
48 345
48 351
48 358
48 364
48 381
48 384
48 454
48 489
49 57
49 73
49 84
49 175
49 182
49 202
49 238
49 240
49 249
49 285
49 286
49 288
49 315
49 360
49 376
49 388
49 427
49 431
49 433
49 456
49 484
50 51
50 52
50 55
50 111
50 150
50 155
50 160
50 206
50 209
50 227
50 228
50 247
50 295
50 344
50 350
50 447
50 462
50 470
50 485
51 61
51 62
51 114
51 162
51 179
51 193
51 208
51 212
51 239
51 269
51 285
51 288
51 321
51 430
51 433
51 490
52 59
52 96
52 98
52 99
52 113
52 128
52 129
52 202
52 221
52 251
52 260
52 271
52 274
52 300
52 306
52 311
52 338
52 344
52 392
52 429
52 463
53 81
53 160
53 170
53 257
53 265
53 289
53 294
53 340
53 365
53 450
53 476
54 57
54 114
54 137
54 149
54 175
54 211
54 225
54 249
54 258
54 260
54 271
54 304
54 308
54 380
54 414
54 416
54 435
54 452
54 470
54 489
55 120
55 156
55 189
55 257
55 262
55 266
55 359
55 392
55 434
55 490
56 80
56 97
56 109
56 117
56 178
56 217
56 219
56 228
56 258
56 282
56 285
56 292
56 314
56 332
56 345
56 371
56 386
56 389
56 392
56 439
56 448
56 493
57 75
57 88
57 99
57 136
57 175
57 195
57 209
57 210
57 310
57 325
57 340
57 351
57 371
57 377
57 423
57 486
57 495
58 65
58 112
58 126
58 138
58 172
58 181
58 224
58 297
58 301
58 329
58 359
58 393
58 403
58 431
59 90
59 100
59 102
59 200
59 220
59 246
59 280
59 298
59 322
59 324
59 336
59 361
59 364
59 368
59 380
59 419
59 443
59 447
59 464
59 497
60 93
60 144
60 164
60 190
60 257
60 292
60 380
60 402
60 444
60 452
60 469
60 486
61 69
61 138
61 173
61 177
61 188
61 222
61 227
61 231
61 249
61 263
61 330
61 344
61 355
61 381
61 390
61 394
61 413
61 423
61 494
61 497
62 73
62 157
62 217
62 256
62 267
62 295
62 312
62 318
62 336
62 351
62 362
62 380
62 408
62 435
62 451
62 485
63 74
63 99
63 104
63 126
63 130
63 135
63 178
63 216
63 222
63 246
63 272
63 288
63 296
63 310
63 316
63 344
63 345
63 352
63 372
63 396
63 416
63 418
63 434
63 448
63 452
63 462
63 466
63 482
63 497
64 134
64 147
64 184
64 205
64 228
64 237
64 256
64 310
64 349
64 376
64 414
64 481
64 483
64 492
64 493
65 68
65 75
65 123
65 145
65 169
65 174
65 203
65 220
65 234
65 253
65 297
65 322
65 384
65 403
65 415
65 416
65 422
65 432
65 445
65 488
66 91
66 93
66 94
66 105
66 162
66 172
66 188
66 193
66 229
66 276
66 279
66 280
66 289
66 403
66 411
66 420
67 70
67 72
67 83
67 92
67 96
67 101
67 150
67 182
67 185
67 220
67 243
67 249
67 253
67 276
67 302
67 358
67 411
67 419
67 432
67 440
67 494
68 97
68 109
68 113
68 121
68 159
68 226
68 235
68 292
68 294
68 306
68 324
68 334
68 353
68 421
68 444
68 469
68 493
69 87
69 89
69 130
69 230
69 284
69 302
69 365
69 426
69 435
69 440
69 478
69 480
69 491
69 493
69 494
70 113
70 196
70 210
70 232
70 239
70 276
70 281
70 296
70 322
70 325
70 333
70 342
70 366
70 394
70 409
70 469
71 81
71 128
71 130
71 185
71 224
71 257
71 275
71 343
71 379
71 419
71 428
71 429
71 449
71 486
71 498
72 73
72 92
72 99
72 127
72 150
72 329
72 335
72 341
72 404
72 405
72 406
72 438
72 457
72 463
73 89
73 108
73 129
73 136
73 226
73 246
73 250
73 268
73 283
73 295
73 410
73 416
73 431
73 464
74 168
74 278
74 295
74 300
74 302
74 350
74 403
74 423
74 426
74 487
75 125
75 158
75 213
75 215
75 230
75 232
75 233
75 246
75 311
75 364
75 426
75 429
75 440
75 448
75 465
75 468
76 79
76 87
76 133
76 138
76 217
76 233
76 289
76 308
76 325
76 335
76 371
76 395
76 411
76 432
76 443
76 467
77 149
77 168
77 177
77 180
77 189
77 232
77 252
77 301
77 323
77 343
77 361
77 397
77 413
77 427
77 433
77 460
77 466
77 481
77 484
77 492
78 152
78 179
78 182
78 200
78 244
78 321
78 333
78 340
78 357
78 461
78 463
79 105
79 120
79 123
79 131
79 273
79 278
79 280
79 321
79 394
79 422
79 428
79 489
79 496
80 102
80 114
80 136
80 192
80 278
80 288
80 305
80 319
80 324
80 380
80 416
80 437
80 442
80 457
81 125
81 182
81 188
81 191
81 232
81 255
81 260
81 277
81 278
81 284
81 293
81 303
81 337
81 370
81 412
81 416
81 430
81 464
81 491
82 97
82 139
82 156
82 165
82 171
82 199
82 203
82 224
82 240
82 245
82 246
82 252
82 270
82 289
82 301
82 342
82 379
82 388
82 391
82 394
82 402
82 428
82 437
82 445
82 465
83 96
83 98
83 115
83 195
83 209
83 214
83 254
83 274
83 299
83 303
83 332
83 333
83 354
83 375
83 409
83 443
83 489
84 132
84 133
84 155
84 163
84 169
84 190
84 234
84 264
84 268
84 279
84 293
84 304
84 340
84 344
84 351
84 364
84 365
84 376
84 431
84 462
84 464
84 472
85 152
85 184
85 215
85 293
85 335
85 374
85 408
85 498
86 166
86 204
86 211
86 226
86 258
86 268
86 298
86 323
86 343
86 346
86 352
86 383
86 395
86 401
86 446
86 454
86 484
86 494
87 130
87 219
87 251
87 271
87 292
87 321
87 328
87 342
87 393
87 429
87 438
87 444
87 462
87 463
87 477
87 497
88 124
88 151
88 221
88 229
88 238
88 287
88 318
88 322
88 331
88 336
88 354
88 369
88 382
88 427
88 457
88 475
89 175
89 182
89 193
89 223
89 253
89 267
89 278
89 283
89 317
89 334
89 358
89 399
89 414
89 438
89 450
89 463
89 464
90 99
90 118
90 171
90 189
90 231
90 270
90 289
90 316
90 412
90 433
90 440
90 478
91 109
91 113
91 119
91 148
91 165
91 167
91 209
91 221
91 231
91 261
91 272
91 302
91 371
91 394
91 398
91 445
91 451
91 484
91 490
91 493
92 100
92 158
92 255
92 263
92 279
92 290
92 340
92 344
92 412
92 420
92 434
92 445
92 451
92 474
92 478
93 149
93 177
93 272
93 274
93 294
93 347
93 348
93 366
93 397
93 398
93 433
93 443
93 456
93 473
94 107
94 115
94 129
94 131
94 160
94 170
94 221
94 233
94 263
94 284
94 332
94 334
94 401
94 406
94 448
94 496
95 106
95 124
95 132
95 150
95 210
95 223
95 272
95 325
95 380
95 396
95 420
95 435
95 442
95 447
95 461
95 486
96 103
96 130
96 142
96 163
96 164
96 177
96 202
96 216
96 284
96 306
96 336
96 344
96 358
96 384
96 444
96 477
97 169
97 204
97 313
97 374
97 390
97 401
97 461
97 482
98 122
98 168
98 198
98 289
98 311
98 349
98 357
98 361
98 408
98 414
98 453
98 457
98 465
98 472
98 489
99 121
99 137
99 152
99 187
99 199
99 206
99 232
99 314
99 315
99 323
99 357
99 358
99 365
99 401
99 418
99 430
99 436
99 444
99 448
99 453
99 456
100 103
100 111
100 119
100 142
100 186
100 188
100 189
100 207
100 326
100 373
100 394
100 396
100 416
100 433
100 455
100 462
100 484
101 109
101 137
101 164
101 193
101 215
101 216
101 223
101 233
101 280
101 290
101 345
101 352
101 353
101 363
101 451
101 455
102 128
102 129
102 188
102 216
102 220
102 242
102 253
102 271
102 275
102 292
102 307
102 312
102 321
102 330
102 335
102 353
102 451
102 462
102 478
103 135
103 240
103 246
103 255
103 338
103 365
103 374
103 390
103 395
103 412
103 419
103 424
103 426
103 438
103 496
104 109
104 126
104 127
104 129
104 156
104 184
104 185
104 191
104 227
104 240
104 260
104 281
104 306
104 335
104 346
104 354
104 359
104 386
104 426
104 441
104 446
104 460
104 470
104 474
104 478
104 481
104 496
105 196
105 245
105 252
105 253
105 287
105 327
105 337
105 345
105 362
105 366
105 406
105 459
106 155
106 168
106 173
106 219
106 252
106 255
106 292
106 313
106 321
106 394
106 411
106 413
106 419
106 421
106 433
106 446
106 455
106 457
106 459
106 466
106 476
107 139
107 167
107 181
107 212
107 215
107 229
107 236
107 238
107 240
107 256
107 288
107 293
107 345
107 349
107 370
107 396
107 417
107 425
107 445
107 473
107 486
107 489
107 498
108 109
108 116
108 183
108 199
108 203
108 208
108 216
108 267
108 300
108 301
108 346
108 366
108 378
108 385
108 404
108 417
108 440
109 137
109 140
109 146
109 155
109 174
109 176
109 180
109 190
109 205
109 209
109 222
109 255
109 320
109 322
109 329
109 355
109 419
109 428
109 433
109 445
109 455
110 151
110 218
110 245
110 295
110 302
110 313
110 319
110 339
110 353
110 360
110 452
110 473
110 475
110 493
111 120
111 180
111 209
111 224
111 225
111 231
111 246
111 281
111 299
111 328
111 373
111 377
111 389
111 421
111 447
111 450
111 479
111 481
112 118
112 128
112 142
112 184
112 211
112 229
112 252
112 323
112 331
112 400
112 406
112 411
112 424
112 446
112 467
113 122
113 124
113 144
113 148
113 158
113 187
113 190
113 202
113 237
113 313
113 412
113 434
113 460
113 492
114 141
114 157
114 209
114 251
114 262
114 309
114 349
114 360
114 369
114 413
114 435
115 120
115 125
115 149
115 189
115 199
115 229
115 242
115 268
115 397
115 409
115 428
115 441
115 447
115 464
115 477
116 117
116 125
116 225
116 249
116 261
116 274
116 325
116 349
116 363
116 401
116 404
116 406
116 467
116 473
116 498
117 131
117 198
117 239
117 248
117 301
117 321
117 355
117 366
117 435
117 459
118 167
118 203
118 260
118 274
118 345
118 363
118 370
118 389
118 419
118 487
119 142
119 178
119 200
119 281
119 368
119 462
119 493
120 133
120 162
120 186
120 192
120 225
120 243
120 252
120 272
120 298
120 358
120 390
120 420
120 432
120 451
120 460
120 479
121 123
121 153
121 237
121 263
121 284
121 296
121 302
121 322
121 326
121 368
121 375
121 377
121 384
121 434
121 451
121 458
121 473
121 493
122 123
122 156
122 199
122 281
122 284
122 288
122 294
122 301
122 302
122 320
122 370
122 387
122 423
122 429
122 436
122 445
122 448
122 474
122 497
123 180
123 185
123 245
123 257
123 262
123 277
123 293
123 319
123 344
123 387
123 422
123 436
123 441
123 462
123 468
123 491
124 128
124 147
124 148
124 157
124 183
124 200
124 216
124 219
124 222
124 223
124 243
124 244
124 303
124 318
124 329
124 374
124 462
124 497
125 129
125 141
125 150
125 197
125 303
125 382
125 425
125 497
126 213
126 216
126 224
126 230
126 252
126 257
126 258
126 293
126 308
126 329
126 333
126 343
126 353
126 381
126 382
126 383
126 413
126 417
126 419
126 444
127 149
127 156
127 171
127 181
127 219
127 226
127 227
127 301
127 344
127 437
128 147
128 151
128 171
128 181
128 208
128 245
128 251
128 256
128 261
128 262
128 281
128 313
128 357
128 366
128 452
128 478
129 135
129 147
129 153
129 195
129 223
129 250
129 267
129 288
129 306
129 322
129 375
129 408
129 447
129 454
129 494
130 195
130 207
130 235
130 266
130 283
130 317
130 335
130 373
130 385
130 406
130 447
130 477
131 161
131 162
131 285
131 287
131 289
131 307
131 343
131 357
131 450
131 479
132 163
132 165
132 210
132 218
132 267
132 311
132 315
132 348
132 415
132 419
132 444
132 487
133 253
133 271
133 303
133 326
133 342
133 352
133 353
133 365
133 372
133 430
133 434
133 442
133 451
133 463
133 476
133 495
134 150
134 151
134 247
134 249
134 330
134 337
134 346
134 362
134 385
134 386
134 394
134 427
134 445
134 454
134 475
135 151
135 163
135 174
135 233
135 234
135 235
135 240
135 276
135 307
135 334
135 362
135 415
135 426
135 440
135 447
135 448
135 481
135 492
136 147
136 177
136 189
136 204
136 227
136 252
136 276
136 320
136 359
136 372
136 398
136 490
137 168
137 206
137 217
137 221
137 230
137 290
137 298
137 338
137 351
137 356
137 358
137 385
137 406
137 417
137 421
137 448
137 456
137 480
138 141
138 162
138 269
138 278
138 340
138 383
138 397
138 420
138 448
138 457
139 158
139 159
139 163
139 169
139 213
139 231
139 237
139 240
139 279
139 315
139 337
139 361
139 409
139 450
139 463
139 469
140 145
140 157
140 173
140 179
140 215
140 244
140 251
140 255
140 256
140 269
140 303
140 315
140 329
140 355
140 357
140 408
140 443
140 452
140 478
140 489
141 147
141 148
141 196
141 236
141 310
141 311
141 319
141 374
141 395
141 413
142 154
142 155
142 192
142 196
142 209
142 215
142 257
142 278
142 295
142 327
142 330
142 417
142 459
142 471
142 475
142 482
142 491
143 154
143 156
143 182
143 187
143 235
143 273
143 452
143 461
143 476
144 146
144 157
144 183
144 217
144 241
144 245
144 286
144 364
144 386
144 392
144 402
145 186
145 203
145 214
145 221
145 246
145 251
145 263
145 265
145 276
145 285
145 303
145 315
145 354
145 384
146 203
146 213
146 219
146 238
146 253
146 259
146 291
146 302
146 314
146 366
146 374
146 384
146 423
146 436
146 439
146 444
146 464
147 162
147 216
147 237
147 256
147 260
147 272
147 362
147 370
147 373
147 397
147 452
148 174
148 196
148 223
148 230
148 254
148 291
148 351
148 364
148 378
148 411
148 416
148 441
149 165
149 199
149 216
149 241
149 245
149 250
149 274
149 279
149 300
149 312
149 313
149 367
149 374
149 403
149 415
149 444
149 470
149 474
149 480
149 496
150 172
150 177
150 184
150 193
150 207
150 227
150 251
150 264
150 269
150 277
150 307
150 313
150 315
150 359
150 406
150 447
150 492
150 497
151 181
151 238
151 242
151 326
151 336
151 338
151 355
151 391
151 393
151 465
151 472
151 475
152 153
152 171
152 175
152 184
152 187
152 190
152 196
152 247
152 285
152 288
152 306
152 316
152 333
152 339
152 354
152 357
152 401
152 402
152 466
153 190
153 244
153 248
153 259
153 285
153 297
153 363
153 375
153 406
153 415
153 435
153 489
153 493
154 271
154 297
154 309
154 358
154 390
154 447
154 456
154 466
154 478
154 481
154 482
155 171
155 237
155 329
155 358
155 371
155 392
155 399
155 436
155 437
155 484
156 162
156 219
156 228
156 240
156 258
156 423
156 438
156 446
157 170
157 193
157 207
157 297
157 339
157 369
157 394
157 422
157 427
157 428
157 457
157 485
158 173
158 216
158 290
158 337
158 348
158 351
158 378
158 402
158 414
159 167
159 168
159 179
159 221
159 234
159 297
159 307
159 328
159 363
159 390
159 427
159 429
159 433
159 436
159 443
159 456
159 461
159 490
160 168
160 177
160 184
160 186
160 244
160 271
160 308
160 339
160 365
160 368
160 398
160 406
160 410
160 413
160 461
160 480
160 497
160 499
161 169
161 201
161 262
161 263
161 284
161 319
161 385
161 409
161 411
161 467
161 499
162 168
162 225
162 254
162 260
162 382
162 410
162 435
162 437
162 464
162 485
163 169
163 170
163 192
163 203
163 237
163 271
163 274
163 386
163 421
163 461
163 494
164 192
164 226
164 254
164 282
164 289
164 333
164 349
164 366
164 374
164 407
164 428
164 454
164 456
164 482
164 492
165 231
165 234
165 263
165 292
165 298
165 318
165 351
165 360
165 374
165 394
165 398
165 419
165 420
165 441
165 443
165 484
165 497
166 176
166 213
166 227
166 246
166 249
166 253
166 255
166 287
166 296
166 399
167 205
167 214
167 233
167 247
167 260
167 329
167 359
167 363
167 415
167 428
167 438
167 442
167 490
168 169
168 196
168 208
168 213
168 230
168 286
168 320
168 385
168 386
168 414
168 418
168 493
168 496
169 189
169 208
169 229
169 324
169 385
169 421
169 446
170 212
170 235
170 245
170 284
170 296
170 322
170 346
170 384
170 470
170 477
170 480
170 488
170 491
171 209
171 233
171 236
171 241
171 257
171 271
171 300
171 304
171 336
171 405
171 408
171 420
171 453
171 485
172 210
172 232
172 239
172 273
172 275
172 290
172 306
172 392
172 410
172 432
173 219
173 232
173 259
173 268
173 311
173 415
173 454
173 466
173 486
173 487
173 497
174 232
174 237
174 286
174 295
174 296
174 321
174 328
174 342
174 343
174 352
174 378
174 389
174 408
174 473
175 178
175 192
175 195
175 250
175 257
175 271
175 278
175 297
175 325
175 354
175 364
175 380
175 397
175 399
175 406
175 407
175 446
175 469
176 189
176 191
176 196
176 201
176 222
176 229
176 254
176 261
176 289
176 326
176 334
176 361
176 372
176 430
176 447
176 472
177 191
177 204
177 205
177 253
177 254
177 298
177 310
177 323
177 333
177 338
177 349
177 359
177 397
177 403
177 449
177 450
177 469
178 187
178 209
178 216
178 263
178 272
178 275
178 291
178 294
178 325
178 353
178 357
178 363
178 396
178 431
178 433
178 441
178 449
178 454
178 455
178 461
178 483
178 494
179 247
179 257
179 309
179 365
179 368
179 407
179 467
180 195
180 207
180 264
180 285
180 294
180 326
180 332
180 336
180 422
180 473
180 478
181 185
181 211
181 219
181 230
181 273
181 282
181 309
181 315
181 320
181 333
181 341
181 362
181 434
181 460
181 470
181 480
181 483
182 189
182 277
182 289
182 292
182 297
182 310
182 322
182 363
182 403
182 444
182 454
183 258
183 304
183 347
183 370
183 454
183 467
183 471
184 193
184 202
184 218
184 220
184 227
184 245
184 281
184 331
184 336
184 340
184 368
184 389
184 402
184 431
184 439
185 265
185 285
185 302
185 304
185 334
185 336
185 343
185 370
185 390
185 406
185 407
185 430
185 431
185 433
185 436
185 465
185 467
185 473
185 474
185 487
186 270
186 300
186 319
186 367
186 368
186 371
186 390
186 428
186 456
187 191
187 273
187 299
187 302
187 332
187 365
187 394
187 421
187 459
187 477
188 280
188 302
188 308
188 309
188 340
188 363
188 385
188 399
188 454
189 219
189 234
189 287
189 365
189 386
189 418
189 488
190 271
190 283
190 295
190 360
190 373
190 431
190 468
190 474
190 499
191 220
191 231
191 251
191 275
191 285
191 291
191 298
191 336
191 359
191 458
191 459
192 225
192 254
192 277
192 395
192 398
193 253
193 263
193 271
193 295
193 305
193 342
193 373
193 374
193 383
193 387
193 396
193 457
193 458
193 466
194 227
194 251
194 276
194 286
194 365
194 391
194 396
194 406
194 492
195 302
195 304
195 333
195 384
195 401
195 409
195 468
196 205
196 213
196 215
196 317
196 326
196 352
196 375
196 396
196 411
196 447
196 468
196 487
196 494
197 208
197 231
197 253
197 259
197 268
197 271
197 312
197 324
197 329
197 348
197 380
197 405
197 411
197 427
197 431
197 470
198 231
198 246
198 248
198 282
198 284
198 313
198 315
198 322
198 350
198 351
198 359
198 379
198 390
198 423
198 428
198 437
199 211
199 228
199 230
199 357
199 360
199 361
199 388
199 395
199 412
199 434
199 479
200 205
200 225
200 229
200 237
200 259
200 391
200 441
200 462
201 202
201 206
201 296
201 314
201 327
201 341
201 383
201 417
201 487
201 497
202 208
202 258
202 280
202 339
202 349
202 354
202 395
202 406
202 423
202 429
202 436
203 221
203 232
203 234
203 238
203 250
203 254
203 293
203 307
203 324
203 334
203 360
203 389
203 408
203 434
203 435
203 461
204 208
204 248
204 250
204 263
204 286
204 287
204 293
204 356
204 393
204 428
204 441
205 259
205 318
205 383
205 413
205 460
205 468
205 481
205 485
206 211
206 216
206 220
206 239
206 257
206 268
206 275
206 318
206 337
206 343
206 401
206 402
206 429
206 434
206 455
206 485
206 494
207 210
207 211
207 220
207 226
207 245
207 266
207 270
207 317
207 335
207 337
207 377
207 413
207 437
207 451
207 457
208 210
208 232
208 250
208 264
208 268
208 274
208 335
208 360
208 384
208 408
208 425
208 460
208 461
208 468
208 488
209 212
209 223
209 232
209 234
209 238
209 245
209 249
209 291
209 305
209 334
209 356
209 436
209 442
209 449
209 468
210 260
210 283
210 339
210 357
210 364
210 382
210 386
210 395
210 424
210 463
210 495
211 225
211 230
211 283
211 297
211 321
211 350
211 351
211 378
211 401
211 455
211 490
212 216
212 247
212 253
212 268
212 296
212 299
212 326
212 385
212 392
212 429
212 454
212 471
212 497
213 253
213 264
213 296
213 299
213 322
213 349
213 383
213 421
213 425
213 429
213 441
213 458
213 473
213 490
213 498
214 219
214 225
214 262
214 273
214 287
214 320
214 366
214 395
214 409
215 218
215 234
215 236
215 259
215 260
215 265
215 270
215 292
215 309
215 338
215 351
215 363
215 387
215 397
215 424
215 425
215 452
216 261
216 269
216 302
216 370
216 376
216 393
216 422
217 248
217 250
217 264
217 266
217 290
217 301
217 315
217 348
217 414
217 438
217 464
217 479
217 481
217 490
218 254
218 261
218 267
218 292
218 338
218 340
218 357
218 396
218 397
218 411
218 459
218 477
218 490
218 493
219 229
219 260
219 266
219 274
219 283
219 299
219 324
219 332
219 374
219 385
219 399
219 422
219 436
219 447
219 450
219 455
219 472
219 477
220 227
220 234
220 261
220 269
220 305
220 309
220 320
220 322
220 355
220 370
220 377
220 399
220 411
220 440
220 474
220 489
220 492
221 251
221 254
221 281
221 297
221 310
221 334
221 336
221 352
221 354
221 436
221 460
221 466
222 228
222 235
222 243
222 247
222 281
222 303
222 315
222 376
222 408
222 473
222 490
223 228
223 276
223 296
223 307
223 327
223 339
223 364
223 405
223 418
224 239
224 243
224 252
224 297
224 364
224 366
224 368
224 381
224 385
224 391
224 404
224 409
224 415
224 444
224 445
224 489
224 494
225 229
225 232
225 294
225 310
225 341
225 364
225 407
225 428
225 470
226 253
226 273
226 293
226 301
226 330
226 333
226 344
226 380
226 384
226 427
226 428
226 444
226 453
226 463
227 229
227 268
227 290
227 293
227 368
227 373
227 399
227 407
227 431
227 459
228 231
228 291
228 336
228 342
228 354
228 361
228 372
228 407
228 420
228 422
228 460
229 280
229 295
229 309
229 328
229 348
229 353
229 366
229 370
229 395
229 454
229 492
230 299
230 301
230 306
230 319
230 446
231 264
231 286
231 296
231 311
231 332
231 346
231 354
232 264
232 289
232 295
232 301
232 330
232 353
232 355
232 357
232 365
232 402
232 459
232 469
233 235
233 254
233 290
233 296
233 304
233 361
233 379
233 393
233 406
233 412
233 428
233 458
233 468
233 477
234 275
234 301
234 358
234 363
234 366
234 386
234 398
234 410
234 435
234 436
234 474
235 256
235 265
235 289
235 326
235 336
235 349
235 354
235 415
235 421
235 457
235 482
235 492
236 241
236 276
236 278
236 295
236 329
236 337
236 356
236 386
236 395
236 410
236 415
236 448
236 466
237 243
237 289
237 307
237 324
237 330
237 389
237 489
238 313
238 359
238 362
238 375
238 407
238 425
238 483
239 257
239 262
239 280
239 296
239 337
239 343
239 350
239 421
239 446
239 494
240 251
240 274
240 355
240 401
240 439
241 283
241 299
241 312
241 326
241 393
241 451
241 467
242 244
242 316
242 350
242 427
242 453
242 478
242 486
242 489
242 491
242 492
243 264
243 268
243 274
243 284
243 291
243 297
243 316
243 326
243 334
243 335
243 400
243 411
243 464
243 469
243 472
243 491
243 494
244 257
244 272
244 307
244 326
244 349
244 358
244 375
244 392
244 419
244 422
245 274
245 280
245 318
245 324
245 328
245 366
245 387
245 412
245 416
245 477
246 248
246 260
246 285
246 312
246 367
246 382
246 392
246 407
246 424
246 495
246 498
247 279
247 330
247 332
247 402
247 442
247 451
247 466
247 488
247 492
248 258
248 284
248 313
248 335
248 428
248 433
248 464
248 480
249 284
249 308
249 324
249 335
249 339
249 345
249 372
249 424
249 463
250 252
250 292
250 298
250 307
250 334
250 411
250 479
250 490
251 287
251 304
251 309
251 331
251 343
251 403
251 405
251 446
251 457
251 458
251 481
251 497
252 309
252 349
252 362
252 422
252 423
252 438
252 464
252 482
252 483
252 484
252 487
252 497
253 288
253 289
253 316
253 400
253 447
253 470
254 290
254 314
254 333
254 347
254 385
254 387
254 391
254 399
254 447
254 490
255 325
255 326
255 388
255 389
255 391
255 446
256 293
256 314
256 331
256 341
256 357
256 366
256 374
256 409
256 412
256 423
256 427
256 462
257 274
257 285
257 297
257 313
257 382
257 417
257 452
257 464
257 476
258 260
258 325
258 359
258 412
258 462
258 465
258 475
259 309
259 316
259 317
259 385
259 422
259 429
260 272
260 279
260 301
260 320
260 324
260 342
260 358
260 364
260 374
260 382
260 404
260 447
260 456
261 283
261 284
261 296
261 335
261 344
261 345
261 382
261 393
261 407
261 423
261 437
261 440
261 449
261 455
261 468
261 487
262 298
262 415
262 433
262 461
262 473
262 496
263 266
263 282
263 297
263 312
263 340
263 394
263 450
263 472
264 268
264 280
264 321
264 350
264 382
264 384
264 395
264 416
264 422
264 428
264 437
264 464
264 497
265 288
265 305
265 317
265 364
265 378
265 389
265 390
265 431
265 436
265 469
265 484
265 488
265 489
266 289
266 313
266 346
266 366
266 386
266 397
266 423
266 463
267 285
267 304
267 352
267 401
267 404
268 331
268 361
268 367
268 436
268 468
268 493
269 270
269 283
269 291
269 296
269 305
269 314
269 329
269 379
269 427
269 489
270 339
270 340
270 343
270 365
270 380
270 383
270 432
270 473
270 499
271 364
271 411
271 451
272 293
272 306
272 399
272 408
272 448
272 479
273 294
273 316
273 320
273 390
273 391
273 406
273 412
273 433
273 442
273 464
274 287
274 298
274 340
274 347
274 353
274 355
274 361
274 381
274 394
274 413
274 436
274 448
274 471
275 281
275 297
275 300
275 309
275 313
275 332
275 413
275 431
275 432
275 436
275 440
275 466
275 487
275 499
276 289
276 326
276 342
276 349
276 352
276 376
276 394
276 426
276 444
276 445
276 459
276 486
276 488
276 493
276 494
277 369
277 397
277 439
277 450
277 453
277 468
277 478
277 479
277 494
278 302
278 317
278 338
278 341
278 349
278 383
278 386
278 396
278 479
278 499
279 342
279 359
279 374
279 398
279 404
279 409
279 440
279 465
279 468
279 496
280 395
280 426
280 431
280 477
281 303
281 398
281 409
281 437
281 444
281 446
281 447
281 470
281 481
281 488
281 491
282 291
282 295
282 297
282 381
282 415
282 441
282 452
282 453
282 456
282 464
283 285
283 286
283 357
283 359
283 394
283 423
283 428
283 492
284 295
284 307
284 335
284 352
284 398
284 409
284 419
284 493
284 499
285 300
285 308
285 334
285 340
285 364
285 380
285 407
285 450
285 459
285 468
285 469
285 471
285 489
286 354
286 359
286 395
286 420
286 432
286 434
286 459
286 460
286 463
287 300
287 346
287 376
287 402
287 439
287 443
287 458
287 495
288 293
288 368
288 462
289 331
289 335
289 347
289 379
289 391
289 424
289 457
289 482
290 291
290 317
290 321
290 432
290 449
290 454
290 483
291 357
291 389
291 396
291 411
291 424
291 440
291 481
292 299
292 325
292 395
292 410
292 412
292 415
292 428
292 430
292 448
292 458
292 496
292 499
293 330
293 369
293 392
293 434
293 487
293 495
294 332
294 347
294 393
294 408
294 433
294 439
294 464
294 486
295 318
295 337
295 352
295 367
295 470
295 476
296 318
296 323
296 345
296 359
296 369
296 412
296 440
296 449
296 485
296 488
297 307
297 314
297 328
297 329
297 342
297 350
297 402
297 487
298 333
298 365
298 373
298 375
298 411
298 452
298 454
298 466
298 477
298 488
298 489
298 494
298 496
298 499
299 314
299 340
299 369
299 397
299 431
299 452
299 477
299 487
300 325
300 349
300 360
300 367
300 371
300 404
300 412
301 306
301 311
301 316
301 328
301 335
301 363
301 392
301 401
301 425
301 430
301 440
301 476
301 497
302 317
302 320
302 432
302 458
302 463
302 464
302 486
302 489
303 309
303 316
303 318
303 321
303 328
303 329
303 389
303 419
303 446
303 452
303 457
303 465
303 494
304 382
304 389
304 397
304 422
305 337
305 345
305 370
305 371
305 403
305 426
305 498
306 317
306 336
306 353
306 368
306 394
306 439
306 458
306 460
306 487
306 489
306 497
307 309
307 311
307 325
307 330
307 348
307 360
307 370
307 423
307 426
307 429
307 444
308 318
308 332
308 363
308 407
308 436
308 488
308 489
308 494
309 310
309 391
309 393
309 428
309 435
309 436
309 439
309 482
309 488
310 355
310 376
310 381
310 390
311 314
311 347
311 351
311 374
311 391
311 418
311 436
311 455
311 467
312 321
312 323
312 380
312 382
312 419
312 447
312 450
312 459
312 464
312 473
312 481
313 420
313 432
313 435
313 446
313 453
313 460
313 494
313 498
314 401
314 423
314 449
314 461
315 324
315 340
315 354
315 371
315 380
315 433
315 460
315 473
315 482
315 488
316 367
316 381
316 429
316 443
316 464
316 468
316 473
316 477
316 482
316 497
317 336
317 396
317 411
317 421
317 452
317 465
318 335
318 337
318 338
318 343
318 394
318 443
318 462
318 463
318 474
318 498
319 327
319 362
319 434
319 473
320 330
320 331
320 338
320 356
320 380
320 418
320 424
320 429
320 493
321 363
321 438
322 373
322 407
322 425
322 446
322 451
322 468
323 348
323 378
323 393
323 394
323 402
323 441
323 495
324 423
324 429
324 449
324 491
325 329
325 333
325 336
325 355
325 381
325 420
325 427
325 447
326 337
326 350
326 381
326 439
326 462
326 487
327 348
327 391
327 402
327 411
327 438
328 356
328 407
328 416
328 431
329 363
329 381
329 383
329 412
329 459
329 468
329 477
329 479
329 483
330 360
330 373
330 381
330 384
330 398
330 411
330 421
330 437
330 443
330 455
330 462
330 470
331 353
331 368
331 416
331 422
331 471
332 343
332 364
332 398
332 399
332 412
333 438
333 448
333 454
333 490
334 341
334 346
334 353
334 380
334 412
334 448
334 466
334 497
335 346
335 353
335 356
335 365
335 383
335 391
335 394
335 412
335 436
335 440
335 456
336 338
336 349
336 351
336 382
336 410
336 441
336 490
337 357
337 431
337 438
337 439
337 472
337 497
338 395
338 427
338 428
338 448
338 455
338 462
338 474
339 387
339 479
339 485
340 370
340 399
340 428
340 469
340 473
340 489
341 352
341 410
341 432
341 470
341 479
341 498
342 408
342 445
342 452
342 464
343 369
343 373
343 396
343 417
343 446
343 465
343 470
343 487
343 488
344 400
344 464
344 498
345 349
345 355
345 395
345 438
345 452
345 482
345 488
345 493
346 350
346 353
346 355
346 415
346 452
346 486
346 489
347 396
347 406
347 453
347 474
347 481
347 489
348 372
348 378
348 414
348 418
348 457
348 460
348 492
349 371
349 405
349 423
349 456
349 465
349 467
349 472
349 485
350 356
350 402
350 416
350 426
350 458
350 469
350 472
350 477
351 374
351 409
351 412
351 446
351 458
351 494
352 363
352 372
352 380
352 405
352 409
352 422
352 448
352 488
352 492
353 354
353 379
353 384
353 403
353 433
353 459
353 465
353 473
354 387
354 398
354 432
354 456
354 461
354 480
355 362
355 364
355 374
355 411
355 429
355 437
355 439
355 444
355 454
355 478
355 479
355 483
356 456
356 464
357 373
357 378
357 398
357 405
357 427
357 428
357 474
358 371
358 375
358 384
358 431
358 444
358 449
358 461
359 385
359 388
359 488
360 363
360 383
360 455
360 468
360 471
361 376
361 422
361 438
362 366
362 369
362 385
362 449
362 466
363 378
363 405
363 425
363 452
363 460
363 490
364 376
364 414
364 421
364 452
364 454
364 468
364 489
365 386
365 415
365 460
365 481
365 485
366 468
367 368
367 390
367 430
367 466
368 379
368 397
368 411
368 419
368 475
368 482
369 382
369 386
369 417
369 442
369 447
370 377
370 379
370 417
370 429
370 450
370 467
370 473
371 379
371 388
371 411
371 436
371 445
371 448
371 461
371 491
371 494
372 422
372 467
373 397
373 461
373 495
374 393
374 407
374 439
374 455
374 461
374 476
374 485
375 429
375 457
376 402
376 407
376 429
376 433
376 441
376 466
376 499
378 410
378 439
378 456
378 466
378 475
379 416
379 434
379 446
379 458
379 466
379 482
380 398
380 409
380 420
380 427
380 445
380 460
380 476
381 398
381 406
381 472
381 489
382 401
382 440
382 475
382 476
382 490
382 495
383 402
383 423
383 460
383 478
384 389
384 403
384 427
384 447
384 492
385 424
385 452
385 454
386 457
387 402
387 412
387 434
387 489
388 405
388 417
388 476
388 499
389 417
389 439
389 456
389 480
389 496
390 425
390 442
392 410
392 423
392 427
392 428
392 469
392 497
393 399
393 423
393 430
393 469
393 489
393 497
394 395
394 409
394 440
394 450
394 462
394 465
394 473
395 398
395 424
395 442
395 455
395 476
395 487
396 407
396 411
396 455
396 482
396 483
397 405
397 446
397 492
397 494
397 495
398 400
398 418
398 462
398 473
399 428
399 456
399 461
399 463
399 490
400 461
400 469
400 498
401 431
402 481
402 496
403 417
403 423
403 431
403 445
403 454
403 456
403 484
403 493
404 405
405 406
405 441
405 443
405 446
405 476
405 477
406 436
406 498
407 439
407 453
407 481
407 491
409 411
409 465
409 495
410 427
410 454
410 477
410 495
411 413
411 414
411 419
411 437
411 440
411 466
411 480
412 464
412 480
412 498
413 448
413 463
413 475
413 484
414 424
414 430
414 439
414 464
414 480
415 437
416 448
416 465
417 424
417 434
417 438
417 454
418 427
418 433
418 454
418 471
418 490
419 428
419 455
419 489
420 429
420 466
420 474
421 434
421 480
421 495
422 434
422 488
423 440
423 443
423 449
423 459
423 470
424 431
424 462
424 497
425 437
425 447
425 463
426 456
426 457
426 460
426 467
427 430
427 469
427 478
427 480
428 440
428 492
429 444
431 435
431 459
431 499
433 442
433 445
433 486
433 488
434 457
434 494
434 498
435 444
435 458
435 463
436 445
436 459
436 464
437 439
437 442
437 449
437 456
437 464
437 468
437 498
438 442
439 441
439 442
439 470
439 471
441 452
441 491
442 454
442 470
443 446
443 450
443 480
444 457
444 498
445 466
446 449
446 469
446 475
446 482
447 459
447 462
448 460
448 466
449 451
449 454
449 496
450 453
450 457
452 479
452 481
453 482
453 499
454 471
454 499
456 459
456 468
456 484
458 459
458 475
459 472
459 476
459 481
459 483
461 480
462 465
462 490
463 471
470 489
471 477
471 479
473 486
473 487
473 494
474 483
474 493
475 479
475 489
476 493
477 479
480 499
482 498
483 492
484 491
486 491
486 497
492 498
