61 547
45 56 70 35 98 69 69 58 91 27 50 70 33 43 43 79 120 46 12 26 64 54 81 26 77 119 32 100 79 109 109 87 45 20 48 76 104 53 101 18 52 81 29 82 120 12 66 111 31 12 86 83 18 74 101 56 33 73 22 92 80
0 2
0 3
0 5
0 9
0 15
0 22
0 25
0 29
0 31
0 33
0 36
0 37
0 38
0 45
0 51
1 4
1 6
1 8
1 9
1 11
1 21
1 24
1 25
1 26
1 30
1 31
1 36
1 40
1 41
1 45
1 48
1 52
1 56
2 6
2 7
2 9
2 10
2 12
2 17
2 18
2 23
2 25
2 28
2 30
2 31
2 39
2 41
2 42
2 45
2 49
2 50
2 53
2 56
2 57
2 60
3 4
3 5
3 8
3 11
3 13
3 18
3 22
3 25
3 26
3 31
3 33
3 36
3 37
3 40
3 42
3 44
3 46
3 47
3 49
3 53
3 56
3 59
4 5
4 8
4 10
4 13
4 17
4 18
4 19
4 20
4 21
4 22
4 24
4 28
4 29
4 34
4 35
4 38
4 39
4 40
4 44
4 46
4 47
4 52
4 54
4 55
5 7
5 12
5 14
5 15
5 16
5 21
5 23
5 28
5 30
5 31
5 35
5 36
5 43
5 44
5 50
6 8
6 16
6 20
6 23
6 24
6 26
6 30
6 31
6 32
6 33
6 35
6 36
6 41
6 42
6 43
6 51
6 58
6 59
7 14
7 19
7 22
7 29
7 39
7 41
7 42
7 46
7 48
7 49
7 50
7 51
7 59
7 60
8 11
8 18
8 22
8 35
8 41
8 42
8 48
8 49
8 52
8 55
8 56
8 58
9 12
9 16
9 17
9 18
9 20
9 22
9 26
9 28
9 30
9 32
9 40
9 47
9 49
9 50
9 52
9 54
9 58
10 12
10 13
10 14
10 22
10 25
10 29
10 32
10 34
10 36
10 39
10 41
10 43
10 44
10 47
10 48
10 51
10 52
10 53
10 58
11 13
11 36
11 40
11 43
11 44
11 47
12 13
12 16
12 18
12 26
12 27
12 33
12 36
12 37
12 44
12 45
12 46
12 49
12 50
12 51
12 52
12 53
12 54
12 58
13 18
13 20
13 22
13 25
13 27
13 31
13 32
13 33
13 35
13 37
13 38
13 40
13 42
13 45
13 49
13 50
13 52
13 55
13 60
14 15
14 17
14 22
14 31
14 34
14 38
14 45
14 46
14 47
14 50
14 52
14 57
14 58
15 18
15 26
15 33
15 34
15 35
15 39
15 44
15 46
16 22
16 25
16 29
16 34
16 38
16 42
16 48
16 49
16 55
17 24
17 25
17 29
17 32
17 37
17 38
17 40
17 43
17 50
17 53
17 57
17 58
17 59
17 60
18 19
18 28
18 31
18 32
18 35
18 37
18 41
18 43
18 45
18 48
18 50
18 54
18 56
18 59
19 21
19 24
19 25
19 28
19 32
19 39
19 41
19 52
19 55
19 56
19 57
19 58
19 59
20 22
20 34
20 37
20 41
20 44
20 45
20 52
20 57
20 59
21 30
21 32
21 42
21 48
21 57
22 23
22 24
22 25
22 26
22 27
22 34
22 37
22 41
22 42
22 49
22 53
22 57
22 60
23 24
23 27
23 31
23 34
23 35
23 37
23 39
23 42
23 44
23 48
23 50
23 51
23 54
23 56
24 28
24 32
24 33
24 35
24 41
24 44
24 47
24 53
25 26
25 30
25 32
25 36
25 43
25 45
25 47
25 53
25 55
25 58
25 59
26 29
26 31
26 36
26 38
26 42
26 51
27 29
27 30
27 34
27 40
27 41
27 43
27 45
27 49
27 50
27 53
28 29
28 33
28 40
28 42
28 45
28 49
28 51
28 54
28 55
28 56
28 57
28 58
28 60
29 30
29 33
29 35
29 39
29 40
29 41
29 43
29 49
29 57
30 31
30 35
30 40
30 44
30 48
30 54
30 57
30 58
31 34
31 37
31 40
31 47
31 49
31 55
31 56
32 38
32 50
32 55
32 58
33 35
33 37
33 48
33 50
33 53
33 54
33 57
33 59
34 35
34 40
34 41
34 45
34 47
34 54
34 56
34 57
34 60
35 37
35 52
35 58
35 59
36 39
36 42
36 46
36 52
36 56
36 58
37 39
37 46
37 47
37 48
37 50
37 52
37 55
37 57
38 39
38 41
38 42
38 47
39 40
39 44
39 47
39 48
39 49
39 59
40 50
40 51
40 53
40 59
41 44
41 45
41 47
41 48
41 49
41 55
41 56
41 60
42 43
42 44
42 47
42 49
42 50
42 51
42 55
42 57
42 60
43 44
43 48
43 49
43 54
43 58
43 60
44 45
44 50
44 54
45 49
45 51
45 52
45 56
45 58
46 51
46 57
47 51
47 57
47 60
48 49
48 51
48 52
48 53
48 54
48 55
48 59
48 60
49 52
49 54
49 57
50 51
50 53
50 54
50 57
50 58
50 59
51 55
51 56
51 58
52 55
52 57
53 55
53 56
53 59
54 55
54 56
54 59
55 58
55 60
56 60
57 60
58 59
58 60
59 60
