97 436
46 78 25 29 21 54 49 113 76 57 23 57 101 74 10 105 55 51 37 86 36 101 72 85 63 103 94 51 71 100 34 116 96 68 89 24 36 27 75 27 28 64 95 47 14 98 58 96 46 110 58 120 17 109 44 78 64 95 105 73 46 111 111 84 69 34 88 18 28 69 117 72 67 26 57 120 113 17 100 10 67 69 76 100 58 43 89 11 50 70 78 10 107 105 40 17 65
0 6
0 24
0 26
0 47
0 72
0 73
0 78
0 83
0 88
1 13
1 21
1 45
1 61
1 69
1 73
1 91
1 95
2 37
2 45
2 50
2 56
2 59
2 63
2 67
2 81
2 83
2 90
3 4
3 49
3 67
3 69
3 80
3 96
4 14
4 27
4 29
4 41
5 6
5 14
5 47
5 52
5 60
5 69
5 77
5 92
6 24
6 52
6 54
6 56
6 67
6 75
6 96
7 10
7 28
7 35
7 52
7 66
7 73
8 30
8 33
8 37
8 42
8 46
8 55
8 60
8 72
8 89
8 91
8 96
9 32
9 46
9 58
9 66
9 89
10 11
10 19
10 38
10 47
10 53
10 56
10 63
10 68
10 71
10 92
11 15
11 16
11 28
11 29
11 34
11 48
11 65
11 77
11 80
11 89
11 90
11 96
12 18
12 22
12 30
12 36
12 38
12 41
12 63
12 67
12 76
12 85
12 86
12 93
13 17
13 27
13 35
13 47
13 53
13 71
13 77
14 21
14 36
14 37
14 43
14 48
14 52
14 61
14 64
14 80
14 81
15 20
15 25
15 26
15 64
15 68
15 69
15 79
15 81
15 89
15 92
16 43
16 64
16 73
17 27
17 38
17 48
17 57
17 71
17 91
17 95
17 96
18 22
18 25
18 52
18 59
18 66
18 73
18 74
19 28
19 45
19 48
19 54
19 75
19 85
20 23
20 29
20 49
20 53
20 54
20 57
20 58
20 59
20 78
20 95
21 40
21 46
21 50
21 57
21 82
22 28
22 34
22 45
22 76
22 77
22 85
22 90
22 91
23 36
23 40
23 53
23 61
24 55
24 67
24 85
25 28
25 33
25 54
25 66
25 72
26 34
26 42
26 45
26 60
26 88
26 95
27 45
27 48
27 55
27 56
27 65
27 68
27 69
28 37
28 52
28 70
28 73
28 79
28 86
29 30
29 32
29 41
29 70
29 81
29 96
30 31
30 49
30 52
30 85
30 88
30 89
30 96
31 54
31 55
31 91
31 92
31 93
32 43
32 48
32 53
32 54
32 57
32 63
32 73
32 95
33 59
33 61
33 66
33 73
33 80
33 95
34 40
34 55
34 69
34 71
34 91
35 37
35 53
35 62
35 63
35 93
36 41
36 60
36 78
36 85
37 57
37 61
37 64
37 68
37 76
37 78
37 95
37 96
38 49
38 55
38 59
38 70
38 82
38 84
39 43
39 44
39 47
39 51
39 56
39 66
39 73
39 91
39 93
40 43
40 48
40 67
40 70
40 81
41 43
41 56
41 66
41 73
41 87
42 51
42 65
42 69
42 80
43 51
43 75
43 85
43 96
44 48
44 55
44 67
44 81
44 86
44 89
44 92
45 63
45 70
46 50
46 56
46 58
46 84
46 92
47 53
47 66
47 86
47 88
47 96
48 58
48 60
48 61
48 70
48 82
48 86
48 88
49 59
49 60
49 68
49 77
50 52
50 55
50 59
50 75
50 84
51 56
51 62
51 63
51 73
51 79
51 80
51 87
51 92
52 60
52 80
52 82
52 90
53 57
53 62
53 67
53 71
53 73
53 74
53 78
53 88
54 92
55 56
55 73
55 77
56 76
56 83
56 91
56 94
57 58
57 76
57 82
57 88
58 61
58 70
58 74
58 80
58 83
59 80
60 72
60 82
60 93
60 94
60 95
61 66
61 70
62 70
62 71
62 81
62 82
62 95
63 86
63 88
63 93
64 93
64 94
65 70
65 73
65 85
65 92
66 67
66 79
66 91
66 95
67 91
68 76
68 80
68 81
68 85
68 93
68 96
69 79
69 95
70 93
71 74
71 88
72 93
73 76
73 82
74 89
74 96
75 83
75 90
76 77
76 84
77 92
78 95
79 83
79 84
79 87
80 84
80 88
81 92
83 88
83 89
84 96
85 89
85 96
86 88
87 92
89 94
90 92
