500 4321
20 61 80 66 87 16 78 114 27 101 45 117 85 22 51 27 53 40 102 11 65 65 53 97 102 78 30 52 40 10 14 64 102 18 84 64 119 38 24 10 63 46 63 61 52 30 99 39 47 20 93 14 85 114 10 43 88 96 60 34 94 91 68 117 30 102 25 35 103 94 23 47 106 107 12 81 56 34 40 16 42 62 88 113 88 44 47 94 98 111 32 101 18 104 70 108 35 17 59 34 118 57 31 34 104 110 42 32 81 57 36 35 16 65 103 79 93 41 32 72 107 35 57 39 20 64 73 61 81 19 81 115 22 62 76 70 71 105 35 81 22 69 26 106 46 36 58 120 24 108 50 20 100 100 64 85 13 31 114 50 76 107 21 76 120 52 45 104 11 86 80 47 12 16 77 39 106 42 26 49 34 47 21 112 115 60 50 30 88 26 105 63 55 49 76 20 99 72 105 78 95 102 81 93 26 69 15 31 63 76 23 32 103 15 39 50 90 30 76 59 54 41 61 65 56 28 68 31 35 92 113 99 41 44 27 119 83 72 70 61 24 97 24 86 90 29 66 21 32 90 107 50 71 69 13 22 110 107 73 61 120 57 16 74 55 30 42 100 107 75 29 60 85 41 95 64 84 111 44 61 17 73 109 58 69 46 90 56 54 101 81 110 47 54 98 40 38 93 68 94 18 118 72 119 32 21 108 49 118 76 81 11 97 112 77 23 83 98 40 79 101 61 114 29 10 27 24 41 106 118 19 67 23 112 43 32 20 35 81 105 67 66 28 19 82 120 110 21 114 89 21 73 104 85 73 10 36 34 116 67 41 72 63 110 86 31 36 71 98 66 36 116 26 24 54 82 18 98 118 23 106 10 111 113 102 72 77 113 104 23 13 25 56 115 76 116 51 108 88 29 87 51 46 64 22 54 105 48 99 25 68 35 97 97 111 94 28 36 27 89 95 89 34 63 45 35 104 44 36 34 118 29 93 24 28 104 54 38 37 37 37 32 69 102 120 79 40 24 82 53 40 32 112 84 57 117 101 87 37 107 45 58 120 52 99 45 31 109 10 93 75 89 107 25 110 22 20 52 12 92 102 24 84 47 28 31 23 29 113 120 95 52 60 39 14 39 119 69 98 18
0 8
0 42
0 47
0 58
0 99
0 116
0 180
0 227
0 239
0 245
0 246
0 358
0 401
0 440
0 475
0 477
0 483
1 7
1 9
1 54
1 55
1 59
1 78
1 147
1 279
1 286
1 310
1 311
1 319
1 360
1 371
1 386
1 398
1 455
1 470
1 474
2 6
2 23
2 27
2 29
2 80
2 90
2 130
2 193
2 207
2 219
2 340
2 361
2 387
2 405
2 433
2 458
2 462
2 496
3 68
3 72
3 97
3 151
3 271
3 274
3 281
3 291
3 304
3 355
3 356
3 425
3 495
4 43
4 54
4 167
4 174
4 207
4 235
4 242
4 265
4 298
4 352
4 382
4 439
4 470
4 499
5 7
5 11
5 29
5 33
5 59
5 65
5 90
5 122
5 156
5 174
5 234
5 243
5 248
5 289
5 338
5 418
5 436
5 459
6 21
6 36
6 41
6 78
6 131
6 135
6 142
6 156
6 173
6 183
6 193
6 211
6 218
6 224
6 243
6 293
6 314
6 327
6 336
6 368
6 395
7 40
7 64
7 97
7 136
7 164
7 171
7 216
7 230
7 268
7 278
7 291
7 429
7 465
8 79
8 81
8 94
8 130
8 145
8 156
8 163
8 170
8 191
8 241
8 297
8 319
8 328
8 344
8 348
8 407
8 451
8 481
8 493
9 73
9 164
9 168
9 198
9 209
9 241
9 242
9 251
9 315
9 322
9 323
9 330
9 379
9 408
9 469
9 478
10 55
10 74
10 77
10 84
10 112
10 140
10 200
10 219
10 221
10 276
10 278
10 319
10 346
10 367
10 415
10 435
10 468
10 470
10 498
11 59
11 101
11 179
11 214
11 221
11 229
11 247
11 252
11 259
11 320
11 451
11 453
11 455
12 84
12 94
12 109
12 180
12 181
12 192
12 200
12 208
12 258
12 267
12 268
12 301
12 308
12 325
12 330
12 357
12 373
12 407
12 440
13 26
13 36
13 63
13 121
13 123
13 181
13 182
13 203
13 234
13 238
13 241
13 268
13 296
13 359
13 413
13 417
13 434
13 436
13 437
13 492
14 48
14 79
14 86
14 91
14 100
14 104
14 157
14 172
14 191
14 226
14 236
14 250
14 266
14 325
14 344
14 367
14 369
14 372
14 416
14 492
15 109
15 133
15 146
15 155
15 157
15 170
15 179
15 188
15 204
15 211
15 216
15 235
15 276
15 297
15 305
15 314
15 359
15 380
15 399
15 464
15 490
16 35
16 78
16 85
16 87
16 94
16 124
16 164
16 218
16 227
16 265
16 309
16 392
16 408
16 437
16 461
16 484
17 35
17 39
17 86
17 144
17 194
17 199
17 266
17 354
17 369
17 392
17 412
17 418
17 422
18 51
18 95
18 122
18 258
18 261
18 284
18 301
18 324
18 396
18 419
18 464
18 483
18 498
19 66
19 131
19 138
19 180
19 270
19 296
19 348
19 396
19 410
19 418
19 437
19 468
19 469
20 25
20 40
20 47
20 103
20 178
20 189
20 264
20 297
20 320
20 348
20 356
20 412
20 426
20 434
20 439
20 466
20 478
21 88
21 95
21 105
21 156
21 201
21 252
21 262
21 272
21 275
21 287
21 289
21 290
21 339
21 388
21 428
21 474
21 485
22 35
22 92
22 116
22 138
22 163
22 164
22 185
22 218
22 225
22 277
22 306
22 339
22 363
22 369
22 411
22 418
22 433
22 468
23 26
23 47
23 68
23 81
23 107
23 111
23 120
23 139
23 247
23 263
23 315
23 329
23 330
23 419
23 433
24 70
24 111
24 124
24 156
24 182
24 189
24 192
24 195
24 196
24 201
24 260
24 292
24 339
24 382
24 424
24 437
24 487
24 488
24 497
25 26
25 49
25 52
25 68
25 90
25 102
25 106
25 159
25 160
25 163
25 210
25 221
25 223
25 257
25 266
25 275
25 300
25 303
25 306
25 331
25 339
25 377
25 402
25 415
25 430
25 446
25 487
25 493
26 40
26 82
26 84
26 121
26 151
26 153
26 154
26 169
26 189
26 228
26 232
26 239
26 279
26 285
26 374
26 392
26 429
26 471
26 474
27 33
27 77
27 91
27 96
27 111
27 114
27 124
27 126
27 153
27 173
27 175
27 204
27 254
27 319
27 320
27 324
27 356
27 398
27 411
27 430
27 431
27 474
28 53
28 138
28 182
28 186
28 220
28 244
28 263
28 276
28 282
28 297
28 312
28 320
28 347
28 365
28 389
28 391
28 402
28 464
28 469
28 474
28 485
28 495
29 52
29 75
29 110
29 160
29 170
29 198
29 205
29 248
29 287
29 326
29 357
29 380
29 413
29 454
29 494
30 37
30 71
30 75
30 113
30 160
30 174
30 178
30 183
30 194
30 205
30 220
30 231
30 252
30 265
30 358
30 378
30 403
30 444
30 451
30 456
30 459
31 83
31 119
31 142
31 167
31 192
31 199
31 223
31 294
31 300
31 321
31 337
31 399
31 401
31 483
32 87
32 100
32 106
32 111
32 130
32 144
32 154
32 166
32 204
32 229
32 266
32 278
32 290
32 337
33 92
33 129
33 133
33 145
33 152
33 172
33 194
33 236
33 266
33 304
33 326
33 351
33 389
33 395
33 489
34 173
34 203
34 255
34 262
34 274
34 276
34 325
34 328
34 333
34 353
34 354
34 370
34 388
34 428
34 498
35 83
35 96
35 98
35 125
35 183
35 203
35 212
35 220
35 237
35 356
35 375
35 376
35 391
35 439
35 446
36 61
36 121
36 136
36 166
36 172
36 278
36 329
36 351
36 401
36 403
37 57
37 66
37 67
37 69
37 82
37 103
37 107
37 167
37 184
37 212
37 222
37 230
37 240
37 305
37 309
37 312
37 362
37 388
37 400
37 412
37 419
38 41
38 44
38 90
38 93
38 107
38 124
38 134
38 143
38 204
38 207
38 239
38 277
38 296
38 312
38 368
38 404
38 417
38 434
38 460
38 469
38 476
38 497
39 75
39 122
39 133
39 167
39 185
39 189
39 203
39 243
39 252
39 262
39 288
39 296
39 324
39 343
39 394
39 395
39 397
39 399
39 429
39 466
40 67
40 119
40 165
40 196
40 208
40 215
40 261
40 374
40 386
40 419
40 457
40 461
41 58
41 140
41 178
41 215
41 232
41 399
41 406
41 440
41 463
41 493
41 496
42 44
42 55
42 85
42 115
42 151
42 170
42 294
42 352
42 409
42 416
42 445
43 55
43 90
43 180
43 244
43 262
43 285
43 315
43 325
43 341
43 366
43 426
43 433
44 52
44 64
44 69
44 107
44 112
44 124
44 175
44 194
44 215
44 228
44 265
44 307
44 452
44 468
44 480
44 489
45 68
45 108
45 145
45 158
45 220
45 239
45 243
45 252
45 277
45 309
45 320
45 383
45 437
45 452
45 456
45 498
46 79
46 85
46 108
46 112
46 119
46 131
46 204
46 229
46 295
46 309
46 315
46 348
46 410
46 447
47 59
47 109
47 114
47 152
47 177
47 206
47 234
47 265
47 363
47 389
47 409
47 447
47 473
48 54
48 62
48 67
48 81
48 82
48 87
48 96
48 99
48 132
48 146
48 200
48 278
48 279
48 294
48 305
48 316
48 488
49 60
49 109
49 116
49 148
49 160
49 219
49 250
49 301
49 304
49 350
49 378
49 435
49 467
49 475
49 479
50 74
50 131
50 163
50 170
50 175
50 211
50 272
50 280
50 293
50 296
50 321
50 332
50 348
50 360
50 364
50 377
50 380
50 468
51 135
51 195
51 214
51 220
51 260
51 265
51 273
51 291
51 307
51 321
51 331
51 345
51 373
51 445
52 194
52 209
52 233
52 240
52 268
52 274
52 276
52 315
52 363
52 372
52 393
52 444
52 481
53 83
53 93
53 98
53 103
53 117
53 125
53 145
53 205
53 279
53 307
53 378
53 385
53 392
53 403
53 420
53 422
53 455
53 467
53 484
53 494
54 59
54 160
54 186
54 236
54 243
54 378
54 379
54 389
55 67
55 74
55 81
55 100
55 102
55 133
55 209
55 212
55 364
55 434
56 63
56 76
56 101
56 108
56 116
56 124
56 148
56 162
56 197
56 200
56 260
56 311
56 328
56 366
56 374
56 380
56 435
56 451
56 469
56 476
57 63
57 74
57 156
57 160
57 165
57 171
57 182
57 247
57 289
57 333
57 398
57 410
57 453
57 457
57 471
57 474
58 77
58 82
58 88
58 91
58 93
58 111
58 120
58 137
58 171
58 216
58 229
58 259
58 307
58 362
58 432
58 434
58 483
58 491
59 82
59 107
59 137
59 181
59 204
59 205
59 267
59 293
59 332
59 362
59 480
59 492
60 91
60 103
60 148
60 149
60 179
60 180
60 230
60 235
60 238
60 280
60 283
60 339
60 359
60 384
60 413
60 420
60 429
60 438
60 488
60 496
61 90
61 92
61 132
61 134
61 210
61 271
61 279
61 284
61 314
61 334
61 389
61 413
61 480
62 77
62 105
62 108
62 169
62 181
62 185
62 221
62 227
62 260
62 265
62 306
62 311
62 320
62 329
62 354
62 362
62 364
62 408
62 426
62 463
62 495
62 498
63 69
63 122
63 131
63 134
63 221
63 230
63 235
63 249
63 312
63 326
63 335
63 392
63 393
63 421
63 433
63 435
63 437
63 438
64 71
64 112
64 113
64 122
64 162
64 198
64 202
64 216
64 223
64 262
64 282
64 323
64 362
64 371
64 401
64 425
64 443
64 458
64 475
65 95
65 167
65 219
65 241
65 329
65 334
65 430
66 72
66 169
66 207
66 212
66 218
66 222
66 300
66 339
66 378
66 379
66 382
66 444
66 447
66 456
66 461
66 475
67 79
67 95
67 165
67 223
67 228
67 276
67 305
67 325
67 335
67 356
67 386
67 405
67 409
67 416
67 418
67 424
67 431
67 447
67 469
67 496
68 72
68 75
68 186
68 208
68 210
68 231
68 326
68 368
68 403
68 429
68 432
69 85
69 118
69 176
69 206
69 286
69 299
69 356
69 410
69 414
69 444
69 456
70 102
70 109
70 128
70 196
70 209
70 210
70 214
70 228
70 246
70 340
70 383
70 414
71 107
71 149
71 191
71 199
71 210
71 235
71 279
71 330
71 338
71 349
71 358
71 441
71 491
72 83
72 87
72 104
72 174
72 213
72 221
72 235
72 236
72 253
72 285
72 286
72 315
72 318
72 333
72 344
72 426
73 83
73 108
73 115
73 133
73 143
73 319
73 360
73 370
73 374
73 396
73 410
73 450
73 477
74 90
74 132
74 156
74 198
74 281
74 286
74 287
74 291
74 330
74 331
74 342
74 351
74 457
74 475
75 96
75 106
75 150
75 220
75 222
75 227
75 228
75 357
75 414
75 460
75 488
75 492
76 106
76 111
76 121
76 138
76 148
76 176
76 191
76 192
76 210
76 233
76 291
76 304
76 441
76 472
76 474
77 80
77 187
77 210
77 214
77 298
77 378
77 431
78 107
78 134
78 137
78 197
78 235
78 246
78 273
78 298
78 311
78 367
78 382
78 460
78 491
78 493
78 499
79 144
79 169
79 177
79 190
79 231
79 253
79 256
79 262
79 280
79 294
79 384
79 417
79 445
79 492
79 495
80 108
80 127
80 173
80 195
80 204
80 211
80 224
80 251
80 271
80 273
80 285
80 339
80 351
80 353
80 357
80 367
80 426
81 100
81 122
81 131
81 145
81 155
81 243
81 296
81 308
81 369
81 381
81 390
81 407
81 442
81 461
81 497
82 241
82 260
82 282
82 335
82 360
82 386
82 387
82 404
82 473
83 161
83 169
83 181
83 226
83 232
83 264
83 272
83 277
83 352
83 358
83 359
83 387
83 434
83 496
84 89
84 100
84 122
84 144
84 156
84 176
84 190
84 205
84 210
84 218
84 254
84 279
84 323
84 324
84 374
84 401
84 476
84 480
84 490
85 106
85 108
85 128
85 141
85 143
85 176
85 216
85 313
85 356
85 376
85 499
86 87
86 100
86 136
86 137
86 161
86 165
86 227
86 263
86 268
86 296
86 345
86 350
86 386
86 419
86 455
86 489
87 148
87 174
87 198
87 266
87 308
87 326
87 352
87 379
87 388
87 429
87 443
87 494
88 156
88 158
88 171
88 191
88 220
88 244
88 247
88 300
88 314
88 330
88 344
89 96
89 115
89 139
89 179
89 206
89 322
89 335
89 345
89 346
89 368
89 450
89 451
89 458
89 474
89 483
90 93
90 145
90 202
90 209
90 239
90 249
90 268
90 301
90 310
90 387
90 421
90 463
90 472
91 98
91 99
91 113
91 130
91 138
91 202
91 205
91 238
91 265
91 267
91 280
91 298
91 322
91 335
91 365
91 396
91 417
92 119
92 136
92 162
92 199
92 213
92 230
92 245
92 261
92 276
92 288
92 291
92 299
92 307
92 313
92 369
92 370
92 438
92 446
92 468
93 116
93 168
93 217
93 262
93 269
93 270
93 313
93 379
93 417
93 434
93 458
94 119
94 136
94 138
94 150
94 163
94 172
94 175
94 192
94 274
94 280
94 312
94 368
94 398
95 140
95 166
95 178
95 182
95 222
95 231
95 241
95 251
95 346
95 396
95 407
95 412
95 413
95 418
95 447
95 459
95 472
96 114
96 130
96 177
96 182
96 261
96 268
96 273
96 376
96 386
96 461
96 470
97 137
97 151
97 242
97 248
97 274
97 296
97 346
97 365
97 393
97 396
98 114
98 179
98 203
98 208
98 213
98 259
98 273
98 281
98 345
98 347
98 387
98 418
98 431
98 443
98 461
98 465
99 116
99 149
99 150
99 168
99 180
99 182
99 222
99 254
99 281
99 314
99 324
99 339
99 363
99 368
99 389
99 418
99 426
99 431
99 488
99 497
100 111
100 114
100 150
100 207
100 208
100 215
100 237
100 262
100 263
100 265
100 336
100 346
100 372
101 112
101 119
101 179
101 184
101 202
101 224
101 234
101 259
101 311
101 331
101 376
101 391
101 406
101 427
102 106
102 165
102 173
102 231
102 248
102 253
102 257
102 258
102 263
102 289
102 327
102 351
102 379
102 386
102 392
102 403
102 429
102 482
103 137
103 187
103 238
103 252
103 261
103 267
103 314
103 327
103 339
103 359
103 396
103 480
104 108
104 135
104 203
104 219
104 235
104 312
104 392
104 417
104 430
104 445
104 461
104 463
105 129
105 133
105 157
105 225
105 247
105 334
105 352
105 385
105 393
105 401
105 412
105 490
106 137
106 150
106 196
106 203
106 243
106 245
106 345
106 356
106 366
106 389
106 393
106 424
106 438
106 489
107 125
107 167
107 174
107 181
107 190
107 209
107 213
107 252
107 265
107 296
107 339
107 356
107 365
107 367
107 398
107 419
107 429
107 463
107 492
108 118
108 123
108 124
108 176
108 177
108 238
108 240
108 250
108 252
108 315
108 378
108 384
108 385
108 402
108 404
108 421
108 425
108 445
109 145
109 170
109 180
109 212
109 230
109 289
109 304
109 319
109 333
109 334
109 341
109 382
109 421
109 445
109 483
110 127
110 140
110 142
110 155
110 228
110 291
110 334
110 356
110 406
110 438
110 494
111 136
111 139
111 192
111 195
111 205
111 207
111 229
111 236
111 237
111 251
111 252
111 332
111 335
111 391
111 402
111 419
111 452
111 466
111 481
112 130
112 169
112 222
112 235
112 311
112 335
112 345
112 366
112 371
112 380
112 385
112 421
112 432
112 459
112 478
112 483
113 153
113 159
113 192
113 262
113 311
113 319
113 329
113 342
113 457
113 467
114 121
114 142
114 223
114 233
114 236
114 315
114 337
114 394
114 463
114 471
115 145
115 154
115 181
115 199
115 214
115 262
115 276
115 312
115 340
115 354
115 478
115 481
115 486
116 171
116 176
116 199
116 250
116 254
116 281
116 293
116 328
116 333
116 348
116 418
116 489
117 132
117 143
117 214
117 251
117 276
117 333
117 406
117 442
117 443
117 474
117 488
118 129
118 191
118 225
118 243
118 262
118 294
118 300
118 301
118 314
118 343
118 367
118 379
118 380
118 387
118 419
118 460
118 483
118 484
119 182
119 187
119 215
119 232
119 239
119 253
119 267
119 269
119 342
119 360
119 365
119 368
119 370
119 400
119 410
119 415
119 422
119 454
119 463
120 127
120 136
120 170
120 194
120 232
120 286
120 331
120 347
120 375
120 421
120 439
120 453
120 462
120 468
120 479
121 129
121 139
121 191
121 207
121 213
121 297
121 340
121 412
121 435
121 484
121 486
121 497
122 143
122 199
122 250
122 264
122 297
122 301
122 319
122 381
122 392
122 399
122 422
122 449
122 457
122 497
123 132
123 144
123 169
123 177
123 194
123 212
123 218
123 231
123 303
123 354
123 435
123 454
123 455
123 497
124 125
124 127
124 140
124 175
124 178
124 237
124 289
124 349
124 357
124 360
124 411
124 428
124 438
124 484
124 498
125 128
125 275
125 298
125 323
125 347
125 376
125 408
125 437
125 498
126 133
126 158
126 163
126 185
126 217
126 235
126 296
126 344
126 362
126 363
126 373
126 394
126 397
126 407
127 165
127 175
127 186
127 223
127 232
127 259
127 307
127 312
127 322
127 370
127 379
127 391
127 451
128 146
128 168
128 194
128 242
128 337
128 341
128 377
128 389
128 442
128 471
129 224
129 248
129 286
129 318
129 319
129 355
129 376
129 481
129 494
130 133
130 146
130 149
130 170
130 186
130 187
130 196
130 198
130 215
130 232
130 236
130 259
130 328
130 342
130 369
130 381
131 132
131 140
131 174
131 178
131 197
131 310
131 312
131 327
131 328
131 344
131 348
131 362
131 365
131 367
131 425
131 430
131 464
131 485
132 136
132 178
132 197
132 212
132 263
132 308
132 312
132 382
132 456
133 135
133 136
133 169
133 186
133 191
133 215
133 217
133 227
133 278
133 280
133 295
133 392
133 418
133 421
133 446
133 487
133 493
134 172
134 203
134 268
134 299
134 311
134 327
134 355
134 442
134 452
135 141
135 172
135 210
135 246
135 274
135 309
135 330
135 339
135 344
135 360
135 365
135 377
135 460
135 493
136 191
136 224
136 242
136 268
136 321
136 328
136 343
136 354
136 364
136 374
136 403
136 433
137 189
137 193
137 229
137 247
137 250
137 277
137 316
137 321
137 348
137 386
137 400
137 476
138 159
138 176
138 194
138 203
138 210
138 220
138 234
138 235
138 274
138 284
138 288
138 291
138 343
138 346
138 347
138 437
138 447
139 152
139 160
139 173
139 210
139 239
139 266
139 291
139 301
139 335
139 356
139 368
139 378
139 401
139 406
140 161
140 175
140 191
140 246
140 262
140 287
140 306
140 345
140 380
140 416
140 430
140 444
140 460
140 462
140 491
141 155
141 166
141 176
141 264
141 281
141 386
141 389
141 398
141 402
141 442
141 446
141 458
142 188
142 233
142 240
142 256
142 257
142 318
142 330
142 344
142 371
142 390
142 400
142 405
142 415
142 461
142 471
142 479
142 487
143 144
143 160
143 172
143 293
143 361
143 373
143 407
143 425
143 483
143 491
143 498
144 162
144 183
144 218
144 230
144 249
144 253
144 278
144 298
144 305
144 307
144 337
144 375
144 410
144 416
144 424
144 470
144 490
145 149
145 216
145 224
145 242
145 271
145 354
145 406
145 433
145 440
145 464
145 472
145 477
145 478
145 492
146 190
146 200
146 355
146 367
146 379
146 383
146 409
146 417
146 418
146 425
146 457
147 151
147 185
147 223
147 242
147 247
147 255
147 351
147 359
147 361
147 366
147 470
147 487
148 187
148 195
148 199
148 203
148 262
148 373
148 398
148 454
148 457
148 467
148 469
148 471
148 475
148 499
149 150
149 156
149 171
149 180
149 183
149 204
149 241
149 277
149 325
149 363
149 371
149 415
149 421
149 422
149 433
149 453
149 468
149 486
150 171
150 172
150 176
150 190
150 215
150 246
150 280
150 317
150 318
150 361
150 428
150 433
150 450
150 489
151 199
151 209
151 236
151 284
151 393
151 410
151 412
151 476
151 484
151 496
152 153
152 199
152 216
152 243
152 264
152 301
152 320
152 344
152 359
152 360
152 413
152 436
152 465
153 154
153 162
153 244
153 245
153 359
153 360
153 383
153 386
153 391
153 408
153 439
153 484
153 490
154 197
154 201
154 205
154 215
154 255
154 272
154 351
154 411
154 423
154 461
154 488
154 498
155 168
155 243
155 289
155 290
155 297
155 374
155 386
155 408
155 417
155 441
155 456
155 465
156 191
156 209
156 213
156 253
156 296
156 320
156 321
156 357
156 361
156 366
156 388
156 429
156 443
157 186
157 189
157 194
157 231
157 279
157 281
157 285
157 304
157 488
157 495
158 185
158 195
158 226
158 234
158 260
158 272
158 280
158 314
158 321
158 323
158 328
158 347
158 417
158 437
158 460
158 490
159 187
159 196
159 275
159 279
159 308
159 377
159 400
159 425
159 458
160 190
160 205
160 218
160 240
160 262
160 318
160 326
160 444
160 461
160 478
160 488
160 493
161 207
161 261
161 293
161 302
161 426
161 468
161 487
162 197
162 206
162 357
162 406
162 407
162 470
162 473
162 488
163 188
163 190
163 292
163 334
163 348
163 363
163 385
163 408
163 417
163 420
163 425
163 434
164 168
164 184
164 273
164 277
164 299
164 300
164 306
164 332
164 339
164 413
164 438
164 480
164 495
164 498
165 204
165 261
165 318
165 377
165 405
165 457
165 462
166 168
166 182
166 198
166 219
166 269
166 308
166 330
166 395
166 403
166 411
166 421
166 429
166 474
167 177
167 229
167 248
167 414
167 426
167 442
167 451
167 489
167 497
168 250
168 259
168 287
168 297
168 333
168 346
168 366
168 380
168 425
168 444
168 469
168 499
169 180
169 224
169 229
169 268
169 280
169 339
169 360
169 389
169 425
169 438
169 455
169 485
169 490
169 499
170 179
170 180
170 191
170 205
170 259
170 318
170 327
170 340
170 354
170 385
170 405
170 480
171 224
171 225
171 226
171 250
171 253
171 371
171 377
171 410
171 416
171 448
171 489
172 198
172 211
172 233
172 240
172 306
172 309
172 324
172 335
172 342
172 356
172 364
172 368
172 414
172 473
172 496
173 232
173 238
173 274
173 314
173 331
173 344
173 352
173 362
173 404
174 186
174 239
174 264
174 303
174 386
174 415
174 454
174 468
174 479
175 217
175 219
175 240
175 253
175 266
175 325
175 361
175 362
175 371
175 416
175 424
175 485
176 217
176 255
176 275
176 338
176 358
176 486
177 194
177 218
177 284
177 298
177 302
177 322
177 368
177 455
177 478
178 252
178 254
178 295
178 362
178 408
178 433
178 495
178 499
179 191
179 203
179 275
179 296
179 302
179 315
179 337
179 384
179 424
179 455
179 464
179 498
180 189
180 191
180 232
180 244
180 296
180 299
180 311
180 376
180 421
180 432
180 492
181 191
181 206
181 237
181 266
181 284
181 301
181 322
181 366
181 408
181 415
181 421
181 433
181 452
181 453
181 498
182 211
182 222
182 251
182 275
182 288
182 321
182 353
182 368
182 470
182 477
183 196
183 203
183 234
183 328
183 412
184 187
184 194
184 218
184 219
184 250
184 302
184 321
184 371
184 376
184 415
184 447
185 215
185 224
185 227
185 253
185 321
185 352
185 370
185 400
186 190
186 203
186 221
186 274
186 279
186 281
186 301
186 309
186 314
186 379
186 383
186 404
187 200
187 227
187 338
187 361
187 370
187 395
187 401
187 467
188 205
188 213
188 342
188 387
188 421
188 443
188 449
188 482
188 493
189 198
189 204
189 210
189 262
189 353
189 361
189 372
189 389
189 417
189 434
189 452
190 243
190 246
190 255
190 311
190 323
190 335
190 340
190 347
190 387
190 394
190 402
190 408
190 485
191 245
191 246
191 258
191 268
191 285
191 359
191 390
191 395
191 459
191 482
192 219
192 291
192 350
192 360
192 398
192 428
192 473
192 477
192 492
193 194
193 211
193 242
193 253
193 276
193 347
193 449
193 488
193 496
194 236
194 238
194 244
194 247
194 291
194 292
194 323
194 370
194 381
194 399
194 436
194 442
194 456
194 470
194 479
195 242
195 253
195 259
195 294
195 310
195 409
195 465
195 473
195 483
196 199
196 213
196 265
196 280
196 286
196 289
196 292
196 419
196 427
196 436
196 469
197 202
197 238
197 240
197 257
197 281
197 295
197 334
197 341
197 345
197 356
197 414
197 417
197 456
198 289
198 295
198 309
198 341
198 363
198 401
198 465
198 475
199 209
199 216
199 225
199 235
199 243
199 258
199 283
199 316
199 396
199 398
199 401
199 412
199 455
199 461
199 495
200 218
200 268
200 280
200 290
200 332
200 407
200 410
200 452
200 455
200 473
201 245
201 247
201 266
201 286
201 322
201 332
201 360
201 435
202 223
202 358
202 490
203 206
203 228
203 261
203 274
203 322
203 335
203 399
203 401
203 455
203 458
204 304
204 322
204 381
204 386
204 488
205 226
205 283
205 341
205 346
205 350
205 352
205 369
205 408
205 427
205 450
205 474
205 486
206 211
206 222
206 255
206 304
206 314
206 321
206 329
206 347
206 354
206 368
206 387
206 395
206 414
207 306
207 318
207 327
207 351
207 373
207 374
207 420
207 438
207 460
207 482
208 234
208 246
208 283
208 319
208 333
208 369
208 392
208 497
209 216
209 238
209 246
209 271
209 278
209 323
209 362
209 364
209 386
209 407
209 429
209 432
209 433
210 219
210 244
210 267
210 331
210 399
210 445
211 219
211 221
211 224
211 257
211 426
211 432
211 471
211 489
211 499
212 228
212 240
212 282
212 308
212 358
212 407
212 417
212 471
212 480
212 499
213 277
213 342
213 345
213 378
213 465
213 483
214 227
214 255
214 270
214 292
214 334
214 337
214 373
214 386
214 396
214 408
214 440
215 240
215 320
215 324
215 363
215 370
215 400
215 425
215 428
215 476
216 255
216 357
216 396
216 416
216 427
216 437
216 453
217 227
217 245
217 267
217 298
217 303
217 368
217 390
217 406
217 438
218 282
218 298
218 302
218 361
218 374
218 432
218 443
218 466
218 476
218 483
218 489
218 498
219 232
219 275
219 278
219 281
219 323
219 360
219 397
219 417
219 423
219 457
219 474
220 225
220 280
220 295
220 323
220 369
220 400
220 404
220 427
220 445
220 456
220 490
221 229
221 283
221 320
221 324
221 338
221 416
221 496
222 224
222 232
222 255
222 297
222 311
222 314
222 404
222 448
222 461
222 481
222 487
223 266
223 289
223 292
223 433
224 230
224 241
224 256
224 275
224 285
224 288
224 378
224 407
224 412
224 428
224 444
224 460
224 473
224 476
225 227
225 246
225 293
225 308
225 357
225 384
225 427
225 481
225 488
225 495
226 241
226 300
226 327
226 376
226 405
226 419
226 442
226 470
226 471
227 238
227 306
227 346
227 362
227 419
227 441
227 449
228 255
228 285
228 303
228 305
228 412
228 436
228 438
228 490
229 245
229 249
229 287
229 320
229 396
229 428
229 445
229 459
229 462
230 290
230 334
230 344
230 396
230 427
230 440
231 292
231 332
231 339
231 374
231 426
231 431
231 440
231 484
232 250
232 312
232 356
232 373
232 376
232 377
232 384
232 468
232 470
232 490
233 240
233 270
233 280
233 289
233 321
233 366
233 395
233 402
233 413
233 482
234 246
234 320
234 352
234 364
234 426
234 443
234 481
235 340
235 345
235 376
235 405
235 454
235 465
235 471
235 473
235 478
235 484
236 276
236 320
236 341
236 351
236 371
236 389
236 440
236 443
236 498
237 241
237 278
237 288
237 338
237 367
237 380
237 485
238 275
238 343
238 364
238 367
238 380
238 391
238 402
238 409
238 426
238 496
238 499
239 262
239 265
239 291
239 301
239 327
239 348
239 355
239 394
239 414
240 247
240 290
240 338
240 344
240 381
240 408
240 453
240 484
241 242
241 275
241 320
241 338
241 422
241 427
241 430
241 437
241 465
241 480
241 487
242 259
242 265
242 267
242 269
242 270
242 336
242 385
242 389
242 390
242 410
242 436
242 462
242 469
243 279
243 283
243 376
243 407
243 419
243 420
243 440
243 475
243 487
244 309
244 335
244 377
244 430
244 492
244 493
245 248
245 251
245 292
245 318
245 341
245 436
245 480
245 497
246 263
246 293
246 323
246 410
246 499
247 256
247 275
247 276
247 286
247 318
247 320
247 376
247 385
247 438
247 472
247 477
247 488
248 281
248 296
248 391
248 406
248 428
248 475
249 254
249 258
249 268
249 271
249 308
249 324
249 332
249 395
249 413
249 421
249 459
249 498
250 300
250 306
250 308
250 353
250 357
250 372
250 377
250 427
250 448
250 453
250 476
251 274
251 282
251 287
251 291
251 327
251 336
251 362
251 366
251 374
251 397
251 447
251 478
251 489
252 322
252 336
252 424
252 472
252 482
253 296
253 341
253 387
253 424
253 427
253 430
253 490
254 266
254 283
254 394
254 462
254 470
254 494
255 266
255 286
255 348
255 375
255 396
256 261
256 295
256 325
256 338
256 346
256 360
256 361
256 385
256 406
256 451
256 462
256 476
256 488
256 496
257 280
257 284
257 346
257 379
257 395
257 415
257 421
257 442
257 443
257 449
257 454
258 272
258 300
258 321
258 332
258 341
258 366
258 411
258 414
258 419
258 485
258 487
259 268
259 299
259 309
259 322
259 332
259 351
259 381
259 480
260 266
260 328
260 355
260 359
260 395
260 489
261 280
261 283
261 300
261 327
261 328
261 352
261 364
261 387
261 398
261 419
261 440
262 286
262 330
262 335
262 345
262 490
262 495
262 498
263 278
263 282
263 342
263 347
263 385
263 419
263 466
263 491
263 498
264 276
264 279
264 297
264 352
264 452
264 465
264 472
264 491
264 496
265 277
265 288
265 364
265 394
265 417
265 481
266 272
266 322
266 324
266 333
266 334
266 393
266 408
266 429
266 430
266 463
266 472
266 476
266 497
267 313
267 361
267 400
267 406
267 415
267 418
267 431
268 277
268 312
268 357
268 445
269 277
269 299
269 322
269 329
269 337
269 375
269 388
269 433
269 459
270 331
270 339
270 374
270 382
270 396
270 398
270 421
270 430
270 437
270 476
270 484
271 299
271 337
271 345
271 348
271 375
271 380
271 398
271 421
271 445
272 294
272 326
272 339
272 466
272 497
273 414
273 430
273 490
274 295
274 309
274 350
274 351
274 353
274 407
274 424
274 435
274 449
276 306
276 308
276 353
276 361
276 385
276 494
277 303
277 355
277 390
277 418
277 425
277 448
278 294
278 347
278 359
278 365
278 392
278 413
278 419
278 436
278 441
278 447
278 452
278 471
279 342
279 376
279 377
279 422
279 458
279 460
280 286
280 288
280 296
280 302
280 380
280 382
280 408
280 422
280 444
280 449
281 353
281 442
281 444
281 449
281 453
281 483
281 493
282 287
282 296
282 297
282 397
282 414
283 307
283 365
283 389
283 419
283 448
283 478
283 497
284 329
284 361
284 410
284 411
284 469
284 475
284 488
285 293
285 336
285 341
285 349
285 355
285 362
285 370
285 467
285 482
285 493
286 302
286 308
286 313
286 361
287 288
287 306
287 354
287 378
287 380
287 397
287 410
287 437
287 452
287 476
287 487
288 319
288 329
288 358
288 408
288 428
288 456
289 296
289 360
289 370
289 385
289 437
289 453
290 346
290 376
290 395
290 398
290 444
290 466
290 485
291 464
291 499
292 293
292 421
292 434
292 438
293 298
293 302
293 307
293 323
293 408
293 488
294 295
294 309
294 314
294 348
294 356
294 383
294 416
294 420
294 474
294 475
295 303
295 336
295 368
295 370
295 374
295 393
295 420
295 460
295 465
295 488
296 300
296 321
296 344
296 355
296 403
296 418
296 444
296 450
296 456
296 476
296 486
296 489
297 318
297 344
297 414
297 432
298 314
298 335
298 353
298 360
298 362
298 414
298 436
298 459
298 477
298 483
299 343
299 351
299 374
299 384
299 399
299 455
300 316
300 410
300 432
300 474
300 475
301 306
301 362
301 440
301 458
301 460
301 489
302 306
302 308
302 323
302 345
302 346
302 376
302 420
302 472
302 473
302 481
303 417
303 421
303 491
303 493
304 307
304 408
304 442
304 486
304 493
305 312
305 368
305 386
305 388
305 439
305 449
305 453
306 361
306 389
306 432
306 461
307 321
307 344
307 345
307 346
307 476
307 482
307 496
308 314
308 333
308 431
308 451
308 472
308 486
309 316
309 351
309 356
309 364
309 393
309 436
309 469
310 332
310 334
310 345
310 347
310 369
310 385
310 405
310 433
310 476
310 485
311 315
311 351
311 363
311 426
312 373
312 389
312 394
313 323
313 326
313 366
313 412
313 421
313 458
314 360
314 361
314 417
314 427
314 473
314 488
314 498
315 318
315 400
315 411
315 451
315 476
315 492
316 336
316 347
316 349
316 359
316 361
316 379
316 406
316 419
316 427
317 323
317 332
317 343
317 350
317 356
317 394
317 400
317 465
317 489
318 319
318 396
318 411
318 429
318 480
318 497
319 334
319 342
319 403
319 409
319 439
319 454
319 487
320 340
320 404
320 461
320 463
320 486
321 356
321 393
321 408
321 411
321 415
321 416
321 451
321 481
322 328
322 335
322 345
322 355
322 404
322 448
322 480
322 482
323 345
323 383
323 412
323 419
324 389
325 353
325 358
325 387
325 389
325 464
325 480
325 496
325 498
326 392
326 406
326 415
326 455
326 490
327 345
327 378
327 383
327 401
328 329
328 416
328 422
328 487
329 356
329 418
329 431
329 491
330 359
330 411
330 496
330 497
331 371
331 402
331 410
332 356
332 370
332 371
332 470
333 355
333 375
333 404
333 434
333 454
333 458
333 499
334 339
334 355
334 360
334 371
334 398
334 449
334 458
334 482
334 485
334 489
335 406
335 435
335 461
335 474
336 340
336 342
336 346
336 375
336 405
336 437
336 459
336 468
337 365
337 369
337 389
337 464
338 351
338 357
338 370
338 383
338 424
338 464
339 364
339 410
339 498
340 352
340 358
340 360
340 394
340 406
340 408
341 395
341 413
341 423
341 425
341 446
341 462
342 433
342 436
342 438
342 446
342 467
342 471
342 495
343 459
343 467
344 358
344 371
344 393
344 421
344 424
344 438
344 499
345 371
345 405
345 412
345 432
345 434
345 485
346 351
346 369
346 376
346 397
346 403
346 459
346 489
347 450
347 459
347 467
347 478
347 499
348 358
348 439
348 442
348 444
348 481
349 375
349 402
349 434
349 457
349 458
349 465
349 470
349 486
349 499
350 364
350 377
350 381
350 406
350 426
350 436
350 440
350 474
350 478
350 487
350 499
351 367
351 419
351 452
352 354
352 376
352 429
352 438
352 466
352 472
352 489
352 496
352 497
353 365
353 366
353 380
353 406
353 439
354 396
354 411
354 422
354 494
355 388
355 389
355 401
355 415
355 442
356 359
356 363
356 370
356 371
356 398
356 404
356 424
357 407
357 429
357 453
357 462
357 492
358 366
358 383
358 400
358 434
358 456
358 476
358 490
359 393
359 394
359 408
359 469
359 494
359 496
360 372
360 376
360 390
360 399
360 420
360 469
360 491
360 492
361 367
361 398
361 412
361 442
361 458
362 370
362 413
362 433
362 450
362 452
362 488
363 365
363 367
363 371
363 387
363 397
363 432
363 433
363 455
363 460
363 499
364 453
364 463
364 472
364 480
364 485
365 379
365 383
365 423
365 426
365 445
366 387
366 430
366 452
366 456
366 458
367 412
367 424
367 467
367 485
368 387
368 395
368 398
368 411
368 412
368 448
368 470
368 491
369 372
369 379
369 391
369 435
369 455
370 381
370 382
370 431
370 434
370 451
370 496
370 497
371 414
371 435
371 470
372 479
373 397
373 404
373 408
373 465
373 479
373 494
374 377
374 404
374 407
374 457
374 480
375 410
375 427
375 446
376 391
376 434
376 442
376 473
377 476
377 484
378 379
378 407
378 419
378 445
378 455
379 451
379 466
379 478
380 428
380 433
380 441
380 481
381 388
381 395
381 400
381 435
381 449
381 477
381 498
382 413
382 433
382 444
382 457
382 485
383 447
384 408
384 411
384 452
385 448
385 455
385 464
385 470
385 496
385 499
386 414
386 418
387 388
387 437
387 444
387 481
388 466
389 483
389 484
390 391
390 411
390 499
391 394
391 397
391 419
391 433
391 439
391 453
391 462
391 469
391 481
391 485
392 401
392 431
393 407
393 490
393 491
393 498
394 439
395 412
395 499
396 400
396 427
396 440
396 489
398 415
398 417
398 432
398 458
398 471
398 481
399 445
399 456
399 485
400 414
400 431
401 422
401 434
401 442
401 452
401 473
402 425
402 433
402 460
403 415
403 454
403 471
404 481
405 463
407 498
408 428
409 410
409 461
409 491
409 492
410 415
410 493
411 417
411 424
411 439
411 497
412 431
412 452
412 454
412 460
412 491
413 422
413 454
413 469
414 444
415 470
415 497
416 417
416 423
416 445
416 469
416 472
416 488
417 458
417 485
418 438
418 487
419 449
419 475
419 477
420 427
420 429
420 461
421 444
421 471
421 477
422 430
422 438
423 456
423 465
423 486
423 495
423 496
424 454
424 474
424 485
425 474
425 482
426 432
426 437
426 445
426 464
426 493
427 438
427 463
428 434
428 446
428 496
429 439
430 451
430 480
431 439
431 447
431 455
432 435
435 437
435 438
435 458
435 469
435 471
435 472
435 480
435 487
436 437
436 445
436 452
436 477
436 482
437 474
438 452
438 483
438 487
439 440
439 488
439 491
441 461
442 450
442 464
442 467
442 477
442 484
443 480
443 489
443 491
444 458
444 482
445 458
445 475
445 476
446 473
446 477
447 461
448 459
448 492
449 479
450 492
451 462
451 499
452 476
452 480
452 482
452 486
453 467
453 478
454 461
455 499
458 467
459 464
459 488
460 493
460 495
460 497
462 477
463 474
464 494
464 496
465 478
467 485
467 495
469 477
469 479
469 493
470 482
473 485
474 499
475 483
476 481
476 490
476 495
477 489
478 494
479 480
479 482
479 492
480 485
480 494
481 482
482 483
482 492
483 495
484 492
484 496
490 499
491 496
