500 3561
92 92 64 72 114 119 28 29 16 42 93 116 85 115 29 57 89 112 49 42 115 105 63 64 101 82 12 89 35 75 67 95 76 70 18 104 96 113 30 115 105 13 102 93 57 87 117 116 19 28 20 42 19 50 51 51 32 103 49 38 60 46 47 53 96 41 62 24 82 106 115 63 33 58 104 96 73 83 74 71 19 75 45 71 67 94 35 60 116 50 47 11 105 99 30 120 62 70 117 104 76 24 66 117 116 24 67 35 113 53 15 41 10 35 10 84 17 28 106 90 78 11 46 78 106 94 34 95 57 76 88 56 13 77 29 54 27 81 64 98 107 31 18 50 57 38 118 34 25 98 14 51 10 58 47 35 41 50 99 68 76 113 120 105 79 28 33 110 35 34 94 26 62 104 12 77 40 59 117 40 54 98 44 11 79 57 42 73 50 23 92 29 48 74 94 69 37 113 109 31 51 73 108 28 89 64 35 68 47 39 73 110 75 70 33 74 94 59 84 69 68 16 34 110 99 42 27 68 107 61 81 58 57 26 48 51 17 58 47 42 87 38 88 39 46 85 34 82 49 13 108 113 60 38 57 44 87 56 56 23 89 35 120 113 114 62 39 52 109 10 29 57 80 69 35 38 118 12 29 96 98 67 49 46 90 62 65 12 86 95 71 41 66 77 103 69 28 46 92 57 94 50 112 50 63 50 20 113 16 114 25 66 86 83 16 39 76 57 119 50 64 46 65 44 107 53 91 28 79 111 25 102 64 26 28 26 18 24 53 28 120 73 41 22 66 103 58 55 99 25 54 107 109 104 47 114 76 22 68 109 19 52 40 64 14 16 13 57 15 36 94 30 91 34 65 38 38 101 14 12 31 43 35 26 98 28 107 32 103 92 55 69 65 12 15 51 120 25 21 17 13 75 90 87 49 77 98 79 96 51 60 40 103 99 57 58 21 19 44 33 19 73 115 95 88 62 97 115 54 23 104 98 116 83 100 64 17 89 76 114 74 113 56 106 94 23 111 85 104 17 95 70 61 23 108 46 86 39 103 92 67 55 84 16 51 87 100 80 97 71 56 59 33 103 31 87 79 116 96 26 11 41 74 43 94 11 30 16 95 58 87 30 16 114 60 117 101 31 74 65
0 47
0 56
0 78
0 100
0 127
0 172
0 195
0 492
1 23
1 173
1 282
1 285
1 408
1 465
1 471
1 483
2 7
2 14
2 22
2 28
2 119
2 155
2 221
2 281
2 282
2 288
2 292
2 337
2 365
2 378
2 473
3 27
3 92
3 115
3 157
3 181
3 294
3 326
3 345
3 357
3 427
3 463
3 493
4 128
4 129
4 233
4 240
4 332
4 377
4 417
5 7
5 96
5 180
5 242
5 298
5 314
5 365
5 383
5 394
5 422
5 486
6 32
6 35
6 63
6 64
6 103
6 112
6 126
6 140
6 177
6 221
6 228
6 247
6 251
6 252
6 296
6 313
6 331
6 352
6 363
6 485
6 496
7 71
7 98
7 111
7 124
7 156
7 166
7 179
7 212
7 261
7 263
7 355
7 410
7 424
8 46
8 85
8 100
8 129
8 143
8 148
8 178
8 194
8 195
8 198
8 222
8 239
8 245
8 259
8 267
8 286
8 300
8 427
8 448
8 482
8 486
9 149
9 157
9 234
9 273
9 291
9 307
9 329
9 402
10 25
10 93
10 325
11 95
11 155
11 194
11 235
11 325
11 367
11 370
11 376
11 400
11 471
11 499
12 109
12 123
12 133
12 147
12 207
12 313
12 383
12 417
12 427
13 55
13 106
13 107
13 128
13 179
13 209
13 367
13 471
13 497
14 51
14 69
14 108
14 125
14 137
14 227
14 251
14 329
14 333
14 339
14 346
14 348
14 356
14 390
14 480
15 19
15 27
15 107
15 147
15 158
15 159
15 209
15 236
15 343
15 359
15 397
15 409
15 415
15 442
16 54
16 83
16 112
16 131
16 208
16 227
16 252
16 293
16 347
16 348
16 354
16 399
16 438
16 470
17 22
17 74
17 77
17 157
17 246
17 247
17 261
17 348
17 355
17 385
17 386
17 452
18 60
18 98
18 99
18 112
18 185
18 288
18 306
18 323
18 329
18 381
18 448
18 473
19 42
19 136
19 138
19 161
19 166
19 170
19 176
19 307
19 335
19 358
19 365
19 367
19 417
19 423
19 440
20 47
20 73
20 84
20 99
20 115
20 120
20 136
20 183
20 204
20 210
20 217
20 235
20 301
20 315
20 319
21 24
21 118
21 128
21 143
21 144
21 190
21 218
21 258
21 259
21 310
21 339
21 354
21 489
22 30
22 77
22 109
22 127
22 167
22 187
22 202
22 241
22 400
22 401
22 407
22 428
22 443
22 464
22 494
22 498
23 32
23 53
23 61
23 85
23 118
23 189
23 200
23 225
23 366
23 371
23 454
23 482
24 37
24 200
24 251
24 294
24 341
24 355
24 371
24 374
24 478
25 66
25 83
25 123
25 134
25 157
25 165
25 325
25 356
25 357
25 478
26 44
26 50
26 65
26 92
26 139
26 142
26 164
26 254
26 263
26 268
26 363
26 364
26 374
26 377
26 384
26 435
26 464
26 480
27 82
27 122
27 133
27 138
27 211
27 248
27 253
27 403
27 411
27 458
27 499
28 41
28 61
28 100
28 179
28 269
28 354
29 34
29 58
29 151
29 173
29 180
29 202
29 258
29 259
29 272
29 284
29 301
29 305
29 334
29 362
29 388
29 420
29 431
29 467
29 492
30 63
30 83
30 87
30 89
30 100
30 165
30 270
30 360
30 377
30 430
30 433
30 476
30 492
31 36
31 40
31 90
31 138
31 216
31 217
31 373
31 399
31 455
31 459
31 462
31 479
32 45
32 126
32 155
32 156
32 185
32 246
32 293
32 352
32 414
32 434
32 467
33 37
33 41
33 65
33 74
33 78
33 79
33 94
33 118
33 135
33 160
33 176
33 242
33 262
33 304
33 319
33 322
33 375
33 390
33 409
33 412
33 442
34 78
34 122
34 129
34 175
34 229
34 276
34 297
34 318
34 346
34 460
34 487
35 74
35 211
35 213
35 261
35 329
35 344
35 346
35 375
35 399
35 416
35 422
35 461
36 39
36 83
36 122
36 151
36 155
36 167
36 239
36 348
36 389
36 396
36 415
36 445
37 88
37 134
37 176
37 177
37 196
37 239
37 246
37 320
37 383
37 400
37 422
37 454
37 494
38 65
38 99
38 154
38 167
38 202
38 240
38 249
38 267
38 269
38 358
38 381
38 385
38 389
38 407
38 436
38 484
39 46
39 105
39 127
39 137
39 184
39 243
39 284
39 294
39 413
40 65
40 81
40 84
40 96
40 106
40 121
40 139
40 191
40 252
40 253
40 288
40 336
40 407
40 447
41 46
41 69
41 202
41 228
41 241
41 258
41 261
41 398
41 402
41 426
41 433
41 477
42 87
42 117
42 151
42 227
42 254
42 266
42 314
42 317
42 464
42 483
42 485
42 499
43 51
43 68
43 69
43 103
43 131
43 136
43 165
43 190
43 223
43 229
43 239
43 244
43 276
43 356
43 386
43 427
43 484
44 95
44 122
44 123
44 131
44 167
44 176
44 212
44 231
44 291
44 380
44 433
44 440
44 455
44 457
44 466
44 485
45 74
45 115
45 157
45 167
45 208
45 306
45 440
46 71
46 91
46 117
46 124
46 129
46 143
46 203
46 215
46 235
46 291
46 307
46 340
46 365
46 366
46 380
46 400
46 402
46 416
46 450
46 485
47 98
47 143
47 150
47 163
47 179
47 398
47 415
47 449
47 488
48 55
48 64
48 97
48 133
48 161
48 188
48 268
48 280
48 346
48 353
48 418
48 432
48 494
49 94
49 130
49 229
49 304
49 337
49 379
49 396
49 406
49 492
50 52
50 109
50 115
50 167
50 196
50 209
50 238
50 285
50 353
50 374
50 392
50 407
50 453
51 82
51 134
51 140
51 152
51 175
51 193
51 224
51 255
51 416
51 429
51 450
52 53
52 54
52 75
52 126
52 140
52 141
52 145
52 151
52 164
52 216
52 220
52 242
52 269
52 296
52 317
52 345
52 376
52 394
52 462
52 477
53 61
53 72
53 118
53 144
53 186
53 189
53 202
53 219
53 243
53 262
53 295
53 361
53 369
53 434
53 471
54 71
54 83
54 99
54 134
54 187
54 205
54 219
54 228
54 273
54 346
54 419
54 420
55 75
55 87
55 91
55 92
55 124
55 392
55 417
55 459
56 94
56 213
56 233
56 265
56 311
56 324
56 347
56 431
56 446
56 460
56 475
57 77
57 98
57 132
57 141
57 185
57 241
57 305
57 364
57 401
57 413
57 424
57 433
58 85
58 146
58 153
58 163
58 184
58 211
58 283
58 319
58 329
58 348
58 480
58 489
59 145
59 153
59 181
59 220
59 226
59 307
59 316
59 375
59 415
59 430
60 76
60 186
60 248
60 253
60 305
60 307
60 324
60 404
60 439
60 446
60 499
61 97
61 99
61 112
61 132
61 220
61 234
61 247
61 282
61 332
61 337
61 365
61 431
61 494
62 119
62 145
62 248
62 277
62 307
62 313
62 316
62 341
62 368
62 376
62 447
62 452
62 459
62 487
63 184
63 192
63 200
63 263
63 294
63 308
63 351
63 399
64 77
64 92
64 100
64 133
64 145
64 200
64 226
64 238
64 285
64 298
64 359
64 389
64 394
64 414
64 432
64 456
64 484
65 81
65 87
65 89
65 92
65 162
65 171
65 203
65 207
65 260
65 284
65 363
65 379
65 381
65 430
65 474
66 75
66 105
66 180
66 190
66 219
66 260
66 363
66 432
66 491
66 495
67 130
67 199
67 216
67 221
67 240
67 263
67 272
67 279
67 310
67 324
67 349
67 353
67 402
67 403
67 471
68 72
68 84
68 100
68 113
68 118
68 199
68 215
68 219
68 278
68 449
69 71
69 76
69 144
69 159
69 162
69 251
69 347
69 365
69 408
69 470
69 492
70 98
70 102
70 139
70 209
70 229
70 242
70 324
70 329
70 364
70 424
70 433
70 478
70 485
71 80
71 193
71 340
71 345
71 367
71 391
71 401
71 410
71 436
71 447
72 80
72 168
72 201
72 220
72 273
72 318
72 329
72 335
72 340
72 349
72 354
72 407
72 413
72 460
72 485
72 492
73 87
73 107
73 137
73 184
73 186
73 189
73 216
73 311
73 342
73 367
74 181
74 220
74 385
74 422
74 456
74 462
75 114
75 146
75 186
75 189
75 325
75 363
75 364
75 366
75 371
75 372
75 403
75 427
75 450
75 466
75 467
76 93
76 113
76 127
76 215
76 284
76 336
76 359
76 365
76 406
76 416
76 424
76 430
76 442
76 458
77 84
77 170
77 226
77 241
77 265
77 298
77 323
77 340
77 341
77 377
77 385
77 441
77 475
78 88
78 114
78 175
78 221
78 266
78 291
78 325
78 354
78 394
78 439
78 445
78 456
78 475
79 128
79 209
79 273
79 307
79 326
79 394
79 444
79 493
80 85
80 133
80 199
80 217
80 227
80 249
80 273
80 294
80 310
80 378
80 389
80 392
80 405
80 442
80 462
81 93
81 151
81 210
81 283
81 322
81 325
81 346
81 456
81 483
82 90
82 95
82 158
82 178
82 189
82 209
82 218
82 292
82 304
82 323
82 337
82 350
82 380
82 399
82 463
82 470
83 101
83 121
83 125
83 194
83 251
83 300
83 306
83 310
83 373
83 387
83 439
83 466
84 100
84 109
84 138
84 191
84 194
84 197
84 211
84 256
84 266
84 293
84 341
84 361
84 395
84 413
84 430
84 433
84 435
84 462
84 491
84 498
85 153
85 170
85 234
85 306
85 316
85 348
85 357
85 395
86 89
86 111
86 122
86 147
86 167
86 207
86 259
86 271
86 394
86 428
86 452
86 484
87 116
87 123
87 141
87 158
87 159
87 208
87 210
87 248
87 314
87 343
87 355
87 362
87 398
87 420
87 423
87 444
87 449
87 469
87 487
88 91
88 136
88 185
88 215
88 219
88 223
88 230
88 258
88 302
88 327
88 330
88 350
88 387
88 389
88 397
88 399
88 417
88 429
88 431
88 436
88 465
89 140
89 183
89 230
89 263
89 278
89 287
89 300
89 323
89 378
89 409
89 420
89 457
89 496
90 133
90 156
90 195
90 223
90 271
90 346
90 353
90 359
90 436
90 487
91 93
91 97
91 143
91 180
91 200
91 282
91 310
91 311
91 347
91 360
91 393
91 416
91 421
91 446
91 466
92 131
92 145
92 150
92 199
92 253
92 296
92 318
92 402
92 452
92 461
93 113
93 139
93 151
93 178
93 235
93 269
93 324
93 335
93 402
93 431
94 272
94 336
94 346
94 353
94 417
94 446
94 470
94 491
95 98
95 104
95 134
95 144
95 209
95 236
95 237
95 245
95 248
95 273
95 281
95 317
95 323
95 348
95 476
95 483
96 128
96 187
96 190
96 211
96 226
96 230
96 246
96 279
96 331
96 384
96 420
96 423
96 424
97 125
97 131
97 322
97 339
97 352
97 362
97 384
97 429
97 437
97 486
97 499
98 131
98 153
98 206
98 211
98 214
98 240
98 259
98 274
98 276
98 299
98 300
98 335
98 346
98 355
98 374
98 382
98 434
99 137
99 208
99 217
99 218
99 236
99 266
99 288
99 314
99 392
99 400
99 431
99 454
100 135
100 214
100 266
100 288
100 325
100 343
100 368
100 414
101 145
101 181
101 301
101 305
101 343
101 417
102 107
102 216
102 218
102 249
102 282
102 318
102 330
102 335
102 387
102 451
102 479
102 492
103 113
103 156
103 166
103 188
103 283
103 331
103 348
103 366
103 394
103 406
103 454
103 481
104 125
104 142
104 184
104 232
104 238
104 292
104 295
104 310
104 341
104 363
104 367
104 405
104 467
104 470
104 494
105 129
105 235
105 254
105 273
105 285
105 377
105 411
105 437
106 113
106 126
106 153
106 207
106 222
106 277
106 302
106 308
106 367
107 131
107 132
107 193
107 273
107 285
107 311
107 355
107 438
107 480
107 495
108 140
108 146
108 188
108 235
108 252
108 281
108 336
108 397
108 402
108 447
108 449
109 198
109 262
109 270
109 281
109 309
109 386
109 419
110 147
110 242
110 266
110 333
110 337
110 338
110 374
110 429
111 134
111 203
111 207
111 208
111 285
111 290
111 296
111 308
111 367
111 442
111 443
111 481
112 151
112 167
112 168
112 223
112 264
112 282
112 283
112 317
112 347
112 422
112 453
112 485
112 499
113 134
113 152
113 182
113 191
113 221
113 273
113 336
113 364
113 406
113 467
113 496
114 203
114 290
114 356
114 364
114 379
114 499
115 135
115 172
115 223
115 233
115 308
115 378
115 383
115 425
115 458
116 159
116 194
116 196
116 197
116 207
116 231
116 253
116 311
116 346
116 408
116 411
116 435
116 451
117 158
117 268
117 280
117 346
117 353
117 355
117 367
117 383
117 392
117 410
117 478
117 499
118 157
118 189
118 235
118 272
118 289
118 290
118 322
118 331
118 394
118 431
119 120
119 254
119 261
119 273
119 287
119 303
119 342
119 386
119 411
119 487
120 127
120 134
120 236
120 261
120 287
120 303
120 321
120 345
120 431
121 123
121 155
121 217
121 233
121 248
121 319
121 352
121 381
121 398
121 467
121 470
121 488
122 158
122 212
122 213
122 231
122 244
122 245
122 280
122 350
122 363
122 380
122 386
122 434
122 435
122 448
122 459
123 130
123 181
123 190
123 260
123 266
123 322
123 336
123 350
123 419
123 465
124 160
124 190
124 206
124 253
124 365
124 374
125 166
125 206
125 242
125 268
125 327
125 336
125 354
125 370
125 392
125 406
125 412
126 167
126 180
126 190
126 196
126 256
126 290
126 333
126 348
126 350
126 354
126 374
126 403
126 460
126 463
126 495
127 135
127 143
127 151
127 160
127 205
127 222
127 329
127 334
127 343
127 385
127 387
127 461
128 181
128 209
128 227
128 231
128 247
128 255
128 268
128 286
128 377
128 387
128 445
128 460
128 483
128 495
129 159
129 196
129 278
129 309
129 360
129 405
129 407
129 490
130 270
130 413
130 415
130 491
131 144
131 150
131 151
131 222
131 254
131 270
131 272
131 276
131 308
131 326
131 362
131 384
131 424
132 154
132 155
132 169
132 308
132 318
132 371
132 374
132 408
132 435
132 445
132 464
132 468
132 494
132 497
133 150
133 187
133 232
133 266
133 292
133 342
133 423
133 458
133 460
133 461
134 154
134 190
134 205
134 248
134 269
134 272
134 299
134 329
134 341
134 347
134 388
134 444
134 474
134 475
134 476
134 484
135 153
135 162
135 187
135 253
135 262
135 461
135 475
135 476
136 212
136 261
136 301
136 361
136 393
136 402
136 466
137 171
137 193
137 197
137 202
137 258
137 259
137 265
137 285
137 307
137 309
137 332
137 335
137 344
137 351
137 389
137 399
137 404
137 443
137 491
138 179
138 181
138 203
138 226
138 334
138 397
138 398
138 412
138 455
138 461
139 145
139 157
139 163
139 249
139 254
139 342
139 384
139 449
139 463
139 464
140 150
140 151
140 178
140 201
140 213
140 261
140 298
140 349
140 430
140 432
140 433
140 446
140 475
141 152
141 173
141 222
141 240
141 297
141 349
141 351
141 356
141 378
141 461
142 204
142 210
142 335
142 345
142 395
142 403
142 405
142 415
142 426
142 441
142 488
143 182
143 220
143 370
143 376
143 389
143 391
143 408
144 186
144 217
144 357
144 401
144 412
144 420
144 431
144 439
144 456
144 461
144 464
145 175
145 194
145 204
145 208
145 217
145 218
145 304
145 310
145 335
145 413
145 454
145 467
145 492
146 184
146 203
146 205
146 287
146 369
146 394
147 148
147 161
147 163
147 167
147 199
147 245
147 258
147 280
147 301
147 343
147 347
147 424
147 442
147 466
147 497
148 202
148 256
148 282
148 308
148 358
148 376
148 377
148 454
149 173
149 174
149 187
149 221
149 235
149 237
149 262
149 266
149 275
149 337
149 342
149 400
149 428
149 446
150 151
150 167
150 178
150 180
150 193
150 199
150 220
150 235
150 245
150 325
150 361
150 376
150 390
150 447
150 449
150 458
151 210
151 233
151 247
151 272
151 302
151 311
151 318
151 365
151 390
151 406
151 434
151 492
152 163
152 236
152 318
152 321
152 328
152 349
152 424
152 469
152 491
153 207
153 219
153 262
153 302
153 327
153 368
153 371
153 384
153 426
153 438
153 458
153 493
154 167
154 198
154 263
154 281
154 334
154 337
154 339
154 372
154 418
154 451
155 170
155 213
155 248
155 265
155 266
155 284
155 292
155 316
155 380
155 396
155 420
155 472
155 490
155 495
156 198
156 199
156 201
156 222
156 279
156 296
156 301
156 339
156 359
156 401
156 423
156 442
157 177
157 193
157 201
157 223
157 260
157 280
157 286
157 287
157 294
157 344
157 367
157 382
157 438
157 454
158 162
158 176
158 193
158 199
158 207
158 223
158 332
158 351
158 369
158 404
158 490
159 174
159 221
159 245
159 261
159 275
159 286
159 306
159 315
159 324
159 362
159 424
159 461
159 486
160 165
160 199
160 239
160 262
160 287
160 306
160 374
160 383
160 476
160 486
161 212
161 234
161 247
161 250
161 254
161 295
161 323
161 335
161 365
161 462
162 238
162 247
162 280
162 319
162 353
162 414
162 422
162 464
162 479
163 211
163 213
163 223
163 237
163 286
163 310
163 387
163 395
163 402
163 403
163 416
163 439
163 466
163 482
163 494
164 169
164 226
164 260
164 326
164 386
164 436
165 199
165 203
165 208
165 266
165 325
165 438
165 447
165 481
165 488
166 241
166 301
166 302
166 340
166 379
166 381
166 397
166 409
166 427
166 458
166 497
167 174
167 214
167 260
167 303
167 474
168 231
168 245
168 250
168 294
168 381
168 402
168 407
168 423
169 265
169 315
169 334
169 335
169 354
169 377
169 428
169 441
169 471
169 480
170 186
170 236
170 242
170 271
170 324
170 349
170 359
170 374
170 383
170 402
170 409
170 440
170 441
170 484
170 495
171 185
171 218
171 219
171 285
171 382
171 396
171 459
172 197
172 261
172 265
172 306
172 309
172 461
173 205
173 284
173 291
173 307
173 308
173 341
173 363
173 381
173 462
173 469
174 191
174 208
174 245
174 246
174 279
174 319
174 369
175 198
175 243
175 322
175 338
175 349
175 377
175 389
175 419
175 426
175 428
175 474
176 205
176 252
176 254
176 276
176 342
176 349
176 404
176 406
176 421
176 430
176 437
177 263
177 279
177 306
177 374
177 385
177 464
178 197
178 207
178 239
178 263
178 280
178 296
178 309
178 369
178 401
178 443
178 459
178 461
179 221
179 224
179 239
179 247
179 303
179 336
179 346
179 389
179 479
179 489
179 492
179 497
180 182
180 185
180 194
180 224
180 249
180 256
180 263
180 298
180 327
180 357
180 429
180 433
180 483
181 226
181 287
181 292
181 314
181 392
181 424
181 449
181 459
181 484
182 211
182 231
182 247
182 425
182 457
182 474
182 486
183 208
183 209
183 210
183 258
183 395
183 487
184 235
184 238
184 251
184 340
184 352
184 365
184 366
184 401
184 421
184 450
185 217
185 294
185 381
185 408
186 217
186 269
186 303
186 403
186 411
186 498
187 205
187 230
187 252
187 254
187 399
187 404
187 456
187 469
187 480
187 483
187 494
188 205
188 207
188 248
188 277
188 282
188 305
188 331
188 428
188 493
189 298
189 340
189 372
189 398
189 414
190 277
190 285
190 309
190 311
190 398
190 421
190 438
190 445
190 470
190 491
191 195
191 253
191 256
191 280
191 321
191 341
191 346
191 353
191 361
191 451
191 497
192 220
192 233
192 267
192 397
192 492
193 264
193 294
193 394
193 429
193 479
193 499
194 277
194 354
194 360
194 373
194 402
194 421
194 432
195 206
195 238
195 276
195 363
195 379
195 384
195 401
195 423
195 447
195 474
196 209
196 266
196 329
196 373
196 399
196 418
196 437
196 448
196 488
197 198
197 202
197 402
197 409
197 427
197 432
197 455
197 492
198 263
198 280
198 288
198 289
198 308
198 370
198 387
198 428
199 258
199 367
199 368
200 246
200 249
200 258
200 283
200 356
200 372
200 423
200 428
200 471
201 233
201 272
201 290
201 309
201 344
201 363
201 399
201 415
201 421
201 489
202 229
202 305
202 391
202 409
202 436
202 440
202 472
202 480
202 481
203 249
203 284
203 289
203 414
203 426
203 463
203 477
204 223
204 240
204 280
204 297
204 319
204 360
204 367
204 371
204 402
204 418
204 466
205 353
205 494
206 208
206 210
206 244
206 271
206 314
206 338
206 345
206 380
206 395
207 213
207 222
207 274
207 297
207 353
207 369
207 389
207 398
207 414
208 263
208 288
208 361
208 393
208 395
208 422
208 434
208 456
208 467
209 252
209 268
209 276
209 310
209 312
209 334
209 375
209 410
209 413
209 422
209 436
209 447
209 449
210 233
210 291
210 391
210 438
210 447
210 484
210 495
211 228
211 242
211 263
211 300
211 320
211 325
211 360
211 377
211 436
211 460
211 467
212 245
212 252
212 372
212 419
212 433
212 436
213 244
213 264
213 275
213 327
213 360
213 408
213 475
214 240
214 265
214 272
214 337
214 435
214 459
215 308
215 330
215 406
215 416
215 419
215 472
215 484
215 496
216 248
216 296
216 383
216 400
216 434
216 457
217 249
217 259
217 262
217 265
217 306
217 380
217 407
217 481
218 251
218 254
218 268
218 288
218 301
218 315
218 319
218 336
218 396
218 448
218 496
219 242
219 296
219 336
219 401
219 427
219 453
220 234
220 235
220 255
220 282
220 320
220 338
220 348
220 377
220 415
221 228
221 247
221 374
221 382
221 411
222 225
222 322
222 356
222 384
222 412
222 472
223 251
223 321
223 336
223 352
223 385
223 397
223 446
223 450
224 242
224 245
224 264
224 274
224 298
224 342
224 392
224 396
224 416
224 420
224 426
225 234
225 235
225 239
225 261
225 318
225 351
225 470
226 284
226 311
226 440
226 466
226 479
226 494
227 229
227 270
227 298
227 311
227 315
227 327
227 340
227 352
227 398
227 416
227 423
227 454
228 229
228 232
228 283
228 298
228 299
228 300
228 333
228 345
228 406
228 440
228 473
229 272
229 274
229 309
229 317
229 485
230 332
230 364
230 398
230 417
231 278
231 408
231 416
231 417
231 434
231 448
231 494
231 498
231 499
232 236
232 356
232 363
232 385
232 387
232 421
232 434
233 333
233 347
233 349
233 364
234 248
234 270
234 302
234 385
234 418
234 457
234 460
235 304
235 388
235 446
235 469
236 256
236 294
236 444
236 446
236 447
236 485
237 238
237 240
237 267
237 299
237 324
237 344
237 393
237 430
237 497
238 259
238 274
238 280
238 307
238 394
238 407
238 452
238 466
238 473
238 483
239 367
239 423
239 464
239 472
239 486
240 251
240 285
240 295
240 299
240 370
240 466
240 481
240 492
241 261
241 268
241 460
241 471
241 498
242 296
242 297
242 321
242 400
242 409
242 461
242 496
243 270
243 380
243 383
243 455
243 459
243 496
244 370
244 410
244 447
244 498
245 250
245 291
245 377
245 448
245 463
246 263
246 319
246 329
246 343
246 351
246 442
246 483
247 300
247 324
247 336
247 387
247 395
247 428
247 442
247 492
247 496
248 268
248 279
248 289
248 336
248 358
248 375
248 437
248 457
248 464
249 285
249 327
249 361
249 375
249 402
249 457
249 491
250 261
250 374
250 375
250 377
250 496
251 305
251 352
251 371
252 369
252 388
252 391
252 395
252 398
252 420
252 424
252 437
252 446
252 473
252 487
253 274
253 290
253 375
253 438
254 272
254 306
254 307
254 308
254 346
254 355
254 356
254 379
254 416
254 429
254 437
254 462
255 260
255 266
255 286
255 287
255 303
255 308
255 336
255 348
255 370
255 427
255 466
255 495
256 268
256 297
256 321
256 401
256 410
256 429
256 437
256 479
256 496
257 284
257 338
257 427
257 462
258 281
258 322
258 377
258 393
258 404
258 416
258 466
259 277
259 286
259 316
259 326
259 352
259 377
259 411
259 416
259 488
260 300
260 327
260 334
260 335
260 396
260 416
261 288
261 291
261 340
261 371
261 375
261 393
261 408
261 478
262 327
262 361
262 378
262 381
262 404
262 427
263 299
263 334
263 340
263 344
263 421
263 477
263 478
263 496
264 338
264 340
264 366
264 410
264 414
264 449
264 455
264 460
265 266
265 284
265 296
265 360
265 362
265 403
265 424
265 425
266 273
266 300
266 363
266 417
266 482
267 291
267 324
267 371
267 499
268 299
268 303
268 305
268 314
268 340
268 375
268 384
268 443
268 466
268 488
269 321
269 327
269 352
269 392
269 394
269 402
269 426
269 436
269 457
269 466
270 279
270 285
270 362
270 387
270 390
270 406
270 432
270 486
270 497
270 498
271 279
271 294
271 304
271 310
271 327
271 417
271 422
271 460
272 300
272 392
272 479
273 298
273 310
273 406
273 410
273 477
274 350
274 352
274 369
274 395
274 405
274 436
274 477
275 284
275 306
275 323
275 348
275 379
275 472
276 303
276 327
276 413
276 439
276 448
276 457
276 491
277 285
277 289
277 329
277 379
277 381
277 417
277 429
277 432
277 437
277 444
277 454
278 294
278 301
278 347
278 363
278 368
278 440
278 496
279 297
279 338
279 364
279 371
279 402
280 300
280 313
280 323
280 329
280 342
280 419
280 466
280 467
280 494
281 336
281 400
281 463
281 479
282 298
282 322
282 323
282 333
282 402
282 453
283 317
283 359
283 362
283 401
283 482
284 401
284 402
284 404
284 434
285 298
285 316
285 370
285 372
285 416
285 428
285 492
286 289
286 302
286 308
286 312
286 358
286 386
286 394
286 438
286 458
286 479
287 328
287 339
287 412
287 413
288 301
288 314
288 330
288 360
288 363
288 411
288 449
288 460
288 475
288 480
289 308
289 312
289 324
289 346
289 364
289 391
289 392
290 302
290 322
290 325
290 355
290 366
290 446
290 485
290 494
291 341
291 359
291 360
291 366
291 466
292 348
292 379
292 416
292 435
292 441
292 495
293 322
293 323
293 388
293 401
293 491
294 309
294 346
294 359
294 365
294 386
294 496
295 313
295 416
295 418
295 483
296 303
296 308
296 317
296 349
296 381
296 387
296 391
296 394
296 400
296 427
296 487
297 328
297 389
297 401
297 408
297 422
297 432
297 433
297 445
297 450
297 476
297 488
298 329
298 361
298 383
298 423
298 494
298 496
299 337
299 344
299 363
299 365
299 460
300 334
300 354
300 446
300 459
300 463
301 345
301 481
301 493
302 322
302 343
302 354
302 408
302 458
303 320
303 358
303 398
303 422
303 427
303 473
304 355
304 402
304 416
305 336
305 362
305 388
306 307
306 317
306 404
306 424
306 428
306 458
307 322
307 388
307 437
307 442
307 483
307 496
308 384
308 450
308 462
308 466
308 479
309 355
309 391
309 425
309 462
309 496
310 324
310 361
310 399
310 454
310 489
311 363
311 382
311 431
311 493
312 353
312 377
312 383
312 445
313 374
313 379
314 347
314 352
314 441
314 452
314 474
314 497
315 320
315 331
315 340
315 380
315 386
315 397
315 416
316 355
316 368
316 376
316 458
316 470
317 351
317 358
317 369
317 432
317 447
317 456
317 457
317 458
317 466
317 484
318 321
318 335
318 418
318 429
318 464
318 474
318 486
319 334
319 345
319 389
319 393
319 441
319 472
319 478
319 494
320 326
320 377
320 378
320 391
320 488
321 340
321 341
321 398
321 410
321 444
321 493
322 331
322 351
322 372
322 396
322 494
322 499
323 342
323 418
323 422
324 363
324 367
324 383
324 390
324 409
324 427
325 357
325 390
325 399
325 441
325 470
326 363
326 377
326 378
326 412
326 471
327 343
327 354
327 389
327 417
327 431
327 494
328 345
328 436
328 457
328 483
329 346
329 349
329 376
329 381
329 397
329 410
329 416
329 444
329 456
329 492
330 357
330 467
330 499
331 349
331 357
331 366
331 370
331 382
331 407
331 429
332 343
332 356
332 432
333 339
333 447
333 469
333 478
334 362
334 386
334 411
334 436
335 424
335 451
335 489
335 490
336 373
336 391
336 430
336 452
336 496
337 346
337 373
337 409
337 437
337 481
338 391
338 416
338 477
339 350
339 383
339 386
339 410
339 428
339 429
339 448
339 454
340 421
340 495
341 345
341 418
341 441
341 477
342 367
342 398
342 457
342 473
343 354
343 404
344 347
344 354
344 384
344 426
344 432
344 434
344 448
344 499
345 425
345 456
345 493
345 495
346 358
346 394
346 397
346 439
346 467
346 481
347 402
347 425
347 432
347 439
347 496
348 403
348 411
348 427
348 432
348 452
348 477
348 495
349 426
349 434
349 467
349 470
349 496
350 376
350 441
350 462
350 475
350 479
351 353
351 356
351 393
351 396
351 499
352 357
352 424
353 393
353 420
353 476
354 358
354 376
354 395
354 409
354 421
354 437
355 381
355 384
355 402
355 427
355 474
355 485
355 487
356 368
356 420
356 434
356 435
356 437
356 443
356 497
357 455
357 472
357 475
358 364
358 413
358 456
358 462
358 465
359 364
359 365
359 373
359 405
359 410
359 447
359 459
359 468
359 479
359 486
360 456
361 387
361 404
361 470
361 498
362 437
363 440
363 456
363 473
363 480
364 387
364 470
364 479
365 392
365 412
365 423
365 450
366 403
366 440
366 448
366 488
366 498
367 456
368 396
368 431
368 445
368 466
369 432
369 452
369 470
369 486
370 404
370 477
371 410
371 411
372 398
372 429
372 456
373 389
373 393
373 405
373 425
373 443
373 452
373 477
373 496
374 388
374 395
374 423
374 445
374 479
375 391
375 396
375 438
375 469
376 411
376 415
376 467
376 476
376 494
376 496
377 382
377 393
377 429
377 434
377 445
378 386
378 460
378 494
379 397
379 430
380 433
380 435
380 437
380 438
380 441
382 464
383 391
383 405
383 409
384 388
384 442
386 398
386 406
386 439
386 476
387 475
387 489
388 393
388 397
388 417
388 430
389 439
389 451
389 477
389 479
391 424
392 402
392 405
392 411
392 485
393 414
393 425
393 451
393 466
393 493
394 493
395 432
395 436
395 497
397 402
397 446
397 456
398 423
398 430
398 470
398 476
399 406
399 428
399 441
401 426
401 452
401 453
402 450
402 461
402 496
403 405
403 444
403 460
403 477
403 490
404 407
405 408
405 465
405 491
406 467
407 460
407 494
408 468
408 478
408 491
408 498
409 412
409 427
409 433
409 442
409 443
409 452
410 442
410 467
410 482
411 462
412 421
412 490
413 414
413 447
414 436
414 477
414 493
415 450
415 471
415 489
416 449
416 454
416 493
416 495
417 472
417 477
417 482
418 466
420 482
420 483
422 429
422 456
422 471
422 473
422 482
422 496
423 452
424 472
425 427
425 477
426 446
426 469
426 473
426 486
427 456
427 473
427 481
427 492
428 436
428 438
428 445
428 467
428 472
429 432
429 471
429 494
430 454
431 477
431 497
432 433
432 456
432 468
432 473
434 453
434 470
436 461
437 441
437 474
438 456
438 462
439 441
439 453
439 475
439 479
440 460
440 477
440 495
441 452
441 483
441 489
441 498
442 450
445 454
445 456
446 469
447 450
447 465
447 471
448 463
449 452
449 464
449 487
449 496
450 470
451 474
451 485
452 484
452 491
456 481
458 478
458 489
459 488
460 463
462 465
462 480
463 464
464 469
464 471
465 482
465 491
465 496
467 468
468 480
473 493
476 480
476 487
478 498
480 495
482 495
486 491
493 495
494 499
497 498
