500 4834
12 29 112 24 108 21 30 53 46 45 66 46 103 93 79 23 64 66 100 62 85 92 75 98 11 44 116 26 84 21 26 50 115 92 80 65 55 106 111 63 54 70 74 34 40 70 69 103 111 61 60 30 11 19 12 97 102 75 103 16 55 25 88 115 93 98 84 62 75 41 36 76 42 113 45 105 42 103 107 106 36 82 76 112 117 56 12 56 116 61 35 50 69 117 52 40 66 109 88 14 87 90 98 117 32 13 101 92 111 70 40 11 23 70 80 85 67 50 118 68 47 44 28 34 59 102 80 42 103 71 11 17 69 77 62 76 54 55 90 69 114 106 82 63 47 59 70 118 102 95 70 37 37 52 90 107 116 18 81 46 21 87 39 101 79 43 61 99 56 54 117 108 79 45 62 111 55 35 41 82 80 76 54 33 74 66 95 68 82 75 90 37 118 74 78 36 67 70 75 58 78 87 64 60 51 58 43 63 26 66 38 77 10 47 51 61 10 62 80 55 82 51 19 41 57 97 112 18 70 35 113 94 118 30 78 85 21 63 55 89 82 24 96 93 22 91 26 57 58 81 25 71 102 62 90 36 74 51 39 106 106 42 81 85 45 87 120 117 37 99 47 118 102 68 33 44 20 61 13 31 66 13 34 10 55 109 72 47 92 39 49 113 33 39 11 119 62 65 22 114 81 29 115 24 23 68 70 101 119 80 62 111 18 22 52 72 30 104 67 49 49 112 119 35 96 69 35 48 83 20 37 12 70 29 44 60 25 12 102 80 56 28 74 116 71 120 103 69 118 84 72 35 85 59 64 23 26 119 99 30 88 28 118 81 29 11 20 26 91 26 23 47 15 69 84 106 44 45 23 36 22 99 73 75 23 111 96 37 52 19 41 100 42 97 49 58 113 41 10 105 55 70 33 42 49 22 74 89 82 77 51 89 35 36 58 40 69 112 63 45 21 87 66 80 103 72 113 116 52 100 60 81 45 76 105 68 15 26 86 97 74 41 77 49 95 108 16 62 111 91 19 111 20 72 94 100 62 69 84 107 71 62 33 117 73 110 86 20 43 53 106 82 20 21 13 109 72 87 13 79 66 32 62 112 40 49 30 21 34 10 80 114 56 105 49 102 108 20 91 52
0 5
0 14
0 23
0 56
0 67
0 88
0 95
0 148
0 178
0 332
0 378
0 382
0 383
0 405
0 421
0 444
0 454
1 55
1 73
1 75
1 124
1 139
1 165
1 185
1 190
1 192
1 199
1 246
1 259
1 356
1 407
1 447
1 458
1 461
1 480
2 7
2 9
2 31
2 76
2 108
2 127
2 190
2 196
2 209
2 234
2 249
2 256
2 278
2 289
2 347
2 351
2 359
2 361
2 365
2 383
2 424
2 443
2 449
2 475
2 480
3 5
3 15
3 23
3 49
3 56
3 60
3 88
3 90
3 129
3 149
3 174
3 223
3 228
3 233
3 241
3 318
3 330
3 361
3 370
3 399
3 428
3 430
3 436
3 437
3 443
3 449
3 456
3 459
3 460
3 464
3 470
3 481
3 490
4 31
4 117
4 132
4 140
4 189
4 253
4 270
4 281
4 333
4 359
4 362
4 386
4 389
4 428
4 462
4 479
5 17
5 37
5 68
5 96
5 102
5 131
5 133
5 150
5 216
5 254
5 260
5 283
5 305
5 336
5 350
5 352
5 371
5 386
5 440
5 449
6 20
6 47
6 57
6 78
6 85
6 139
6 147
6 160
6 167
6 196
6 222
6 234
6 250
6 259
6 261
6 263
6 265
6 292
6 335
6 387
6 430
7 24
7 34
7 76
7 85
7 102
7 154
7 190
7 248
7 307
7 337
7 361
7 375
7 412
7 439
8 19
8 44
8 123
8 138
8 161
8 163
8 174
8 196
8 214
8 252
8 266
8 277
8 285
8 320
8 336
8 346
8 389
8 396
8 404
8 408
8 417
8 498
9 55
9 120
9 122
9 319
9 340
9 362
9 433
9 434
9 468
9 486
10 28
10 47
10 52
10 63
10 69
10 70
10 105
10 107
10 126
10 128
10 148
10 212
10 235
10 249
10 299
10 322
10 342
10 363
10 373
10 399
10 473
10 475
10 478
10 480
10 493
11 13
11 21
11 30
11 59
11 86
11 105
11 215
11 258
11 263
11 287
11 321
11 328
11 331
11 350
11 363
11 376
11 430
11 445
11 478
12 61
12 87
12 161
12 233
12 273
12 295
12 303
12 322
12 333
12 358
12 433
12 443
12 446
12 462
12 468
12 470
12 482
12 486
13 55
13 167
13 173
13 186
13 187
13 189
13 195
13 200
13 243
13 253
13 266
13 343
13 346
13 361
13 366
13 370
13 385
13 388
13 398
13 431
13 454
13 458
14 24
14 35
14 43
14 45
14 50
14 83
14 104
14 112
14 176
14 187
14 188
14 191
14 195
14 235
14 294
14 312
14 356
14 404
14 462
14 492
15 61
15 105
15 115
15 152
15 163
15 176
15 255
15 270
15 285
15 301
15 315
15 371
15 396
15 407
15 454
15 473
15 477
16 26
16 30
16 81
16 103
16 105
16 122
16 207
16 214
16 218
16 276
16 302
16 321
16 325
16 328
16 343
16 393
16 408
16 446
16 489
16 490
16 498
17 33
17 145
17 162
17 170
17 180
17 184
17 192
17 194
17 215
17 256
17 277
17 309
17 329
17 362
17 399
17 401
17 427
17 462
17 483
17 492
17 498
18 24
18 57
18 68
18 91
18 153
18 166
18 208
18 231
18 248
18 263
18 272
18 277
18 315
18 320
18 375
18 382
18 422
19 47
19 88
19 149
19 179
19 211
19 236
19 243
19 277
19 299
19 305
19 312
19 332
19 376
19 377
19 394
19 410
19 439
19 472
19 483
19 489
19 490
20 37
20 157
20 162
20 222
20 273
20 308
20 320
20 342
20 376
20 384
20 434
20 443
20 497
21 23
21 77
21 103
21 155
21 196
21 199
21 212
21 244
21 246
21 251
21 261
21 272
21 297
21 307
21 310
21 314
21 325
21 349
21 352
21 377
21 380
21 384
21 413
21 454
21 458
22 23
22 33
22 70
22 134
22 183
22 196
22 279
22 333
22 334
22 350
22 364
22 374
22 378
22 387
22 407
22 414
22 441
22 478
23 40
23 47
23 59
23 65
23 70
23 80
23 81
23 86
23 106
23 122
23 123
23 128
23 174
23 199
23 203
23 283
23 323
23 327
23 328
23 341
23 362
23 437
23 444
23 474
23 479
23 480
24 51
24 106
24 151
24 163
24 171
24 273
24 289
24 294
24 295
24 302
24 328
24 337
24 344
24 355
24 376
24 382
24 423
24 455
24 459
24 480
25 37
25 46
25 104
25 108
25 164
25 184
25 206
25 236
25 257
25 280
25 323
25 339
25 344
25 379
25 389
25 398
25 406
25 414
25 484
25 494
25 495
26 30
26 69
26 140
26 141
26 192
26 249
26 289
26 295
26 309
26 389
26 404
26 408
26 417
26 419
26 439
26 451
26 460
27 82
27 88
27 100
27 147
27 193
27 198
27 203
27 289
27 371
27 383
27 437
27 445
27 453
27 485
27 489
27 493
28 39
28 98
28 125
28 139
28 171
28 179
28 188
28 207
28 319
28 327
28 350
28 364
28 400
28 425
28 453
28 478
29 55
29 68
29 116
29 151
29 184
29 196
29 197
29 207
29 228
29 254
29 256
29 265
29 298
29 299
29 312
29 319
29 326
29 342
29 362
29 367
29 376
29 377
29 395
29 428
29 436
29 488
29 492
29 494
30 42
30 48
30 106
30 123
30 151
30 164
30 174
30 188
30 208
30 244
30 254
30 273
30 321
30 340
30 359
30 382
30 385
30 402
30 445
30 480
31 37
31 66
31 101
31 163
31 281
31 308
31 349
31 380
31 417
31 432
31 435
31 487
32 68
32 75
32 104
32 143
32 148
32 208
32 239
32 241
32 249
32 278
32 375
32 397
32 400
32 425
32 453
33 39
33 48
33 76
33 77
33 111
33 117
33 131
33 197
33 205
33 306
33 311
33 322
33 361
33 373
33 425
33 452
34 54
34 70
34 78
34 82
34 95
34 128
34 164
34 229
34 232
34 249
34 256
34 260
34 298
34 306
34 318
34 346
34 393
34 395
34 425
34 428
34 449
34 464
35 46
35 86
35 140
35 160
35 177
35 189
35 202
35 247
35 271
35 293
35 327
35 377
35 392
35 410
35 430
35 437
35 463
35 484
36 44
36 48
36 75
36 123
36 164
36 175
36 184
36 229
36 241
36 248
36 249
36 316
36 338
36 423
36 465
37 41
37 89
37 92
37 93
37 114
37 140
37 144
37 149
37 159
37 200
37 241
37 252
37 281
37 294
37 306
37 355
37 356
37 389
37 394
37 419
37 431
37 436
37 479
38 43
38 140
38 142
38 176
38 187
38 203
38 208
38 214
38 275
38 320
38 345
38 352
38 369
38 404
38 413
38 415
38 442
38 460
38 498
39 47
39 66
39 85
39 115
39 138
39 162
39 231
39 240
39 262
39 273
39 274
39 296
39 319
39 356
39 394
39 418
39 423
39 450
39 456
39 473
40 74
40 106
40 137
40 191
40 201
40 224
40 240
40 257
40 273
40 308
40 319
40 335
40 396
40 448
40 451
40 454
41 103
41 127
41 133
41 169
41 200
41 266
41 290
41 293
41 345
41 377
41 412
41 414
41 478
41 479
42 47
42 49
42 73
42 108
42 109
42 141
42 147
42 181
42 189
42 195
42 201
42 204
42 243
42 289
42 313
42 329
42 337
42 363
42 371
42 390
42 392
42 394
42 426
42 432
42 433
42 434
42 435
43 59
43 178
43 188
43 197
43 212
43 220
43 281
43 295
43 296
43 305
43 322
43 344
43 404
43 421
44 67
44 83
44 127
44 158
44 185
44 189
44 200
44 206
44 211
44 237
44 247
44 279
44 330
44 362
44 374
44 407
44 440
44 455
44 477
44 485
44 487
44 490
45 114
45 140
45 197
45 206
45 218
45 275
45 284
45 288
45 292
45 315
45 337
45 355
45 370
45 386
45 423
45 471
45 474
46 70
46 136
46 154
46 162
46 170
46 242
46 359
46 363
46 365
46 372
46 398
46 439
46 463
46 484
46 498
47 83
47 115
47 150
47 161
47 165
47 169
47 194
47 205
47 252
47 255
47 266
47 275
47 330
47 334
47 358
47 367
47 411
47 470
47 480
47 483
47 489
48 50
48 57
48 64
48 95
48 130
48 144
48 213
48 256
48 265
48 323
48 324
48 348
48 353
48 366
48 375
48 397
48 409
48 430
48 437
49 55
49 57
49 103
49 108
49 137
49 155
49 187
49 199
49 210
49 234
49 253
49 258
49 267
49 313
49 353
49 359
49 383
49 407
50 54
50 65
50 149
50 177
50 224
50 232
50 271
50 277
50 279
50 291
50 336
50 375
50 378
50 394
50 401
50 448
50 451
50 458
50 492
51 60
51 113
51 121
51 156
51 255
51 276
51 366
51 386
51 402
51 434
51 436
51 444
51 469
52 55
52 98
52 99
52 117
52 124
52 132
52 142
52 145
52 173
52 188
52 199
52 213
52 233
52 254
52 286
52 303
52 314
52 349
52 355
52 372
52 382
52 390
52 431
52 435
52 457
52 475
52 477
52 499
53 81
53 177
53 190
53 195
53 215
53 232
53 243
53 288
53 313
53 339
53 349
53 355
53 358
53 371
53 387
53 419
53 432
53 433
53 460
53 478
53 483
54 118
54 133
54 153
54 170
54 224
54 272
54 275
54 327
54 337
54 366
54 389
54 396
54 412
54 437
54 449
54 452
55 98
55 115
55 200
55 217
55 229
55 294
55 306
55 374
55 400
55 471
55 487
56 107
56 142
56 148
56 204
56 214
56 242
56 311
56 374
56 405
56 419
56 430
56 453
56 469
56 491
57 74
57 77
57 87
57 101
57 138
57 162
57 203
57 206
57 217
57 245
57 249
57 266
57 291
57 332
57 336
57 344
57 373
57 389
57 394
57 403
57 429
57 468
58 72
58 81
58 82
58 118
58 123
58 142
58 179
58 190
58 200
58 239
58 282
58 289
58 306
58 337
58 381
59 85
59 136
59 196
59 212
59 217
59 306
59 344
59 375
59 392
59 423
59 425
59 440
59 446
59 449
59 469
59 483
60 82
60 112
60 127
60 142
60 171
60 190
60 200
60 231
60 277
60 279
60 285
60 304
60 308
60 315
60 351
60 374
60 385
60 405
60 421
60 423
60 448
60 498
61 69
61 72
61 90
61 147
61 159
61 198
61 201
61 219
61 220
61 237
61 362
61 387
61 411
61 452
61 493
62 110
62 128
62 197
62 201
62 204
62 233
62 301
62 306
62 351
62 398
62 439
62 444
62 497
63 87
63 97
63 165
63 170
63 196
63 288
63 306
63 356
63 374
63 463
63 466
63 485
64 83
64 101
64 102
64 141
64 158
64 173
64 269
64 280
64 327
64 343
64 354
64 357
64 419
64 457
65 104
65 135
65 155
65 160
65 195
65 204
65 207
65 236
65 245
65 275
65 397
65 436
65 476
66 166
66 175
66 179
66 183
66 270
66 277
66 296
66 299
66 306
66 346
66 354
66 360
66 370
66 377
66 408
66 411
66 418
66 428
66 433
67 98
67 138
67 150
67 175
67 176
67 220
67 230
67 241
67 245
67 274
67 278
67 281
67 283
67 324
67 332
67 388
67 405
67 481
67 487
67 489
67 496
68 86
68 103
68 141
68 172
68 188
68 189
68 202
68 267
68 268
68 297
68 305
68 310
68 337
68 360
68 401
68 403
68 443
68 463
68 480
69 141
69 144
69 148
69 160
69 229
69 260
69 264
69 309
69 343
69 348
69 350
69 393
69 409
69 417
69 440
69 470
70 93
70 98
70 113
70 126
70 139
70 196
70 198
70 216
70 224
70 229
70 280
70 325
70 369
70 371
70 432
70 464
70 475
70 477
70 495
71 76
71 106
71 132
71 150
71 155
71 250
71 252
71 259
71 267
71 277
71 282
71 300
71 307
71 323
71 389
71 405
71 459
71 465
71 482
71 487
72 75
72 82
72 111
72 132
72 156
72 165
72 195
72 265
72 279
72 333
72 354
72 394
72 413
72 426
72 442
72 477
73 75
73 83
73 84
73 99
73 103
73 105
73 111
73 117
73 171
73 195
73 198
73 218
73 256
73 259
73 261
73 268
73 281
73 326
73 375
73 376
73 451
73 455
73 460
73 491
74 89
74 103
74 154
74 164
74 177
74 231
74 263
74 326
74 341
74 345
74 434
74 446
75 91
75 102
75 150
75 151
75 164
75 172
75 206
75 215
75 238
75 241
75 270
75 291
75 310
75 355
75 373
75 431
75 432
75 434
75 483
75 487
76 89
76 117
76 135
76 141
76 155
76 163
76 197
76 227
76 230
76 258
76 288
76 293
76 296
76 373
76 447
76 471
76 476
76 486
77 124
77 165
77 168
77 196
77 197
77 249
77 252
77 257
77 266
77 315
77 319
77 361
77 400
77 432
77 444
77 446
77 450
77 484
77 495
77 497
78 117
78 163
78 190
78 193
78 241
78 257
78 287
78 383
78 391
78 394
78 425
78 443
78 462
79 123
79 140
79 153
79 167
79 218
79 221
79 224
79 233
79 235
79 243
79 272
79 276
79 367
79 384
79 470
79 477
79 486
79 492
80 96
80 112
80 119
80 132
80 135
80 136
80 140
80 158
80 159
80 187
80 191
80 208
80 210
80 218
80 224
80 241
80 243
80 254
80 262
80 265
80 302
80 320
80 428
80 432
80 439
80 465
80 466
80 486
81 115
81 131
81 144
81 237
81 239
81 250
81 302
81 315
81 377
81 382
81 433
81 472
81 476
81 499
82 84
82 107
82 127
82 192
82 198
82 211
82 231
82 304
82 328
82 366
82 388
82 396
82 464
83 127
83 177
83 181
83 184
83 228
83 287
83 328
83 449
83 463
83 492
84 85
84 200
84 209
84 211
84 288
84 358
84 402
84 438
84 454
84 480
85 86
85 190
85 227
85 261
85 299
85 322
85 345
85 355
85 364
85 375
85 390
85 400
85 408
85 410
85 434
86 125
86 218
86 242
86 360
86 362
86 372
86 397
86 430
86 462
86 479
86 495
87 98
87 101
87 149
87 227
87 302
87 330
87 340
87 343
87 392
87 409
87 460
87 476
87 484
88 106
88 150
88 204
88 232
88 239
88 243
88 311
88 347
88 375
88 390
88 409
88 458
89 97
89 103
89 124
89 186
89 209
89 212
89 222
89 243
89 292
89 334
89 348
89 440
89 477
90 132
90 137
90 140
90 190
90 218
90 254
90 270
90 310
90 364
90 373
90 384
90 433
90 442
90 450
90 468
90 490
91 187
91 200
91 204
91 273
91 320
91 381
91 392
91 422
91 477
91 479
92 115
92 122
92 177
92 199
92 219
92 239
92 270
92 315
92 337
92 338
92 360
92 406
92 420
92 421
93 104
93 123
93 187
93 236
93 247
93 302
93 320
93 463
93 475
94 105
94 116
94 123
94 156
94 181
94 247
94 303
94 314
94 353
94 422
94 424
94 428
94 440
94 462
95 106
95 121
95 129
95 210
95 227
95 253
95 267
95 269
95 277
95 301
95 310
95 344
95 369
95 413
95 469
96 126
96 190
96 243
96 281
96 282
96 307
96 352
96 360
96 361
96 394
96 405
96 435
96 436
96 490
97 117
97 124
97 126
97 136
97 138
97 199
97 208
97 222
97 240
97 260
97 264
97 340
97 347
97 417
97 449
97 472
97 477
97 486
98 126
98 171
98 173
98 196
98 203
98 230
98 242
98 262
98 265
98 289
98 321
98 380
98 392
98 421
99 124
99 150
99 172
99 263
99 290
99 293
99 343
99 368
99 386
99 417
99 490
99 498
100 113
100 115
100 117
100 130
100 135
100 169
100 194
100 235
100 236
100 263
100 265
100 272
100 298
100 344
100 355
100 364
100 371
100 386
100 465
100 482
100 499
101 111
101 146
101 165
101 196
101 201
101 225
101 246
101 261
101 281
101 288
101 340
101 345
101 355
101 400
101 415
101 434
101 462
101 474
102 105
102 137
102 142
102 147
102 150
102 264
102 275
102 283
102 289
102 312
102 326
102 411
102 419
102 457
102 474
102 485
103 104
103 124
103 131
103 211
103 234
103 272
103 277
103 283
103 284
103 304
103 364
103 373
103 414
103 430
103 448
103 477
103 492
103 496
104 121
104 122
104 124
104 125
104 130
104 144
104 152
104 163
104 221
104 270
104 281
104 282
104 297
104 299
104 365
104 419
105 132
105 158
105 162
105 172
105 178
105 247
105 269
105 277
105 312
105 348
105 354
105 375
105 388
105 452
105 469
105 478
105 485
106 141
106 146
106 169
106 174
106 184
106 194
106 226
106 294
106 302
106 339
106 362
106 378
106 388
106 419
107 158
107 170
107 193
107 222
107 228
107 231
107 258
107 272
107 285
107 321
107 360
107 361
107 411
107 414
107 440
107 442
107 473
107 488
108 111
108 174
108 229
108 300
108 356
108 365
108 395
108 426
108 438
108 487
108 495
108 499
109 226
109 254
109 338
109 380
109 382
109 418
109 419
109 456
110 140
110 150
110 155
110 207
110 224
110 229
110 241
110 242
110 255
110 279
110 282
110 287
110 301
110 316
110 323
110 325
110 386
110 418
110 442
111 193
111 267
111 276
111 295
111 314
111 319
111 333
111 349
111 391
111 402
111 429
111 448
111 487
112 116
112 146
112 220
112 225
112 252
112 287
112 295
112 345
112 384
112 440
112 489
113 162
113 185
113 217
113 229
113 262
113 264
113 292
113 418
113 477
114 167
114 208
114 232
114 254
114 291
114 293
114 311
114 317
114 348
114 353
114 368
114 370
114 376
114 380
114 382
114 436
114 437
114 445
114 486
115 150
115 161
115 181
115 243
115 266
115 274
115 288
115 323
115 324
115 338
115 346
115 363
115 375
115 377
115 463
116 167
116 205
116 240
116 295
116 356
116 378
116 379
116 397
116 407
116 409
116 435
116 452
117 171
117 198
117 207
117 208
117 209
117 217
117 222
117 243
117 299
117 316
117 326
117 342
117 348
117 396
117 419
117 425
117 428
117 447
117 461
117 482
117 488
117 493
118 157
118 242
118 270
118 293
118 337
118 391
118 433
118 437
118 442
119 120
119 274
119 326
119 335
119 344
119 369
119 383
119 385
119 409
119 411
119 462
119 488
119 489
120 123
120 150
120 152
120 162
120 175
120 196
120 199
120 207
120 208
120 228
120 236
120 325
120 335
120 343
120 354
120 358
120 370
120 403
120 420
120 443
120 452
121 127
121 174
121 216
121 335
121 352
121 380
121 407
121 419
122 201
122 205
122 233
122 235
122 262
122 288
122 296
122 303
122 316
122 324
122 380
122 408
122 467
122 474
122 480
122 497
123 145
123 153
123 156
123 171
123 174
123 246
123 296
123 301
123 317
123 343
123 351
123 385
123 401
123 447
123 478
124 131
124 146
124 147
124 187
124 217
124 221
124 254
124 256
124 269
124 293
124 347
124 364
124 390
124 394
124 485
124 486
125 202
125 250
125 253
125 307
125 308
125 337
125 345
125 376
125 399
125 407
125 414
125 467
125 471
126 137
126 157
126 163
126 357
126 365
126 424
126 440
127 131
127 140
127 141
127 143
127 159
127 183
127 210
127 301
127 332
127 376
127 380
127 391
127 411
127 412
127 435
127 448
127 481
128 155
128 293
128 304
128 380
128 430
128 442
128 452
128 458
128 464
128 472
128 476
129 149
129 151
129 233
129 238
129 242
129 279
129 288
129 298
129 325
129 332
129 345
129 372
129 461
129 462
130 143
130 150
130 157
130 171
130 194
130 224
130 237
130 245
130 353
130 399
130 462
130 474
131 209
131 221
131 238
131 250
131 324
131 336
131 348
131 357
131 396
131 427
131 461
131 497
132 156
132 215
132 224
132 251
132 281
132 295
132 298
132 374
132 424
132 471
132 475
132 480
133 163
133 176
133 217
133 232
133 234
133 268
133 271
133 279
133 298
133 319
133 333
133 336
133 387
133 388
134 170
134 173
134 192
134 196
134 226
134 240
134 311
134 312
134 320
134 324
134 366
134 373
134 383
134 455
134 485
134 486
135 174
135 229
135 251
135 257
135 309
135 324
135 340
135 369
135 394
135 397
135 409
135 426
136 186
136 197
136 202
136 217
136 233
136 255
136 256
136 287
136 402
136 426
136 430
136 488
136 491
137 159
137 274
137 276
137 286
137 306
137 324
137 374
137 441
137 455
137 463
137 466
137 488
138 152
138 177
138 225
138 250
138 256
138 288
138 319
138 330
138 444
138 445
138 450
138 463
138 471
139 191
139 194
139 251
139 253
139 265
139 277
139 303
139 310
139 338
139 345
139 371
139 384
139 395
139 408
139 420
139 440
139 455
139 499
140 173
140 178
140 211
140 218
140 221
140 305
140 326
140 328
140 350
140 362
140 404
140 444
140 457
141 176
141 185
141 189
141 255
141 263
141 269
141 335
141 347
141 363
141 381
141 448
141 477
141 496
142 150
142 163
142 167
142 170
142 176
142 224
142 233
142 239
142 250
142 354
142 408
142 424
142 431
142 454
142 487
143 187
143 232
143 247
143 264
143 321
143 334
143 370
143 371
143 374
143 419
143 435
143 475
144 150
144 151
144 175
144 182
144 223
144 225
144 288
144 295
144 301
144 353
144 386
144 394
144 435
144 460
144 488
144 489
145 163
145 182
145 211
145 269
145 271
145 272
145 328
145 331
145 335
145 358
145 370
145 398
145 409
145 424
145 489
145 499
146 153
146 165
146 179
146 200
146 249
146 253
146 279
146 345
146 357
146 389
146 391
146 405
146 447
146 451
147 182
147 188
147 203
147 215
147 220
147 277
147 356
147 364
147 386
147 442
148 168
148 199
148 208
148 243
148 314
148 333
148 359
148 413
148 497
149 203
149 210
149 251
149 256
149 273
149 285
149 287
149 324
149 334
149 347
149 460
149 485
149 495
150 158
150 162
150 174
150 176
150 236
150 256
150 293
150 306
150 340
150 364
150 378
150 379
150 423
151 156
151 158
151 173
151 174
151 216
151 250
151 291
151 307
151 316
151 365
151 382
151 395
151 429
151 449
151 479
151 486
151 491
151 498
152 166
152 209
152 216
152 227
152 264
152 293
152 315
152 316
152 321
152 361
152 366
152 369
152 389
152 418
152 489
152 499
153 163
153 190
153 242
153 261
153 273
153 306
153 410
153 420
153 426
153 428
153 446
153 478
154 156
154 220
154 230
154 255
154 268
154 273
154 274
154 318
154 331
154 367
154 372
154 401
154 406
154 440
154 453
154 460
154 464
154 491
155 209
155 235
155 237
155 238
155 272
155 293
155 313
155 323
155 373
155 398
155 434
155 454
156 190
156 191
156 210
156 265
156 305
156 310
156 393
156 416
156 452
156 474
156 492
156 496
157 179
157 196
157 240
157 327
157 420
157 426
157 434
157 484
157 485
158 168
158 182
158 249
158 252
158 292
158 348
158 374
158 395
158 432
158 433
158 445
158 455
158 464
158 472
158 499
159 166
159 221
159 222
159 232
159 271
159 286
159 299
159 355
159 362
159 409
159 416
159 434
159 470
159 473
159 484
160 242
160 307
160 346
160 388
160 465
160 493
161 168
161 190
161 273
161 281
161 302
161 306
161 344
161 355
161 358
161 435
161 444
161 461
161 465
161 496
162 194
162 251
162 256
162 291
162 298
162 306
162 308
162 337
162 354
162 367
162 392
162 400
162 444
162 499
163 204
163 219
163 254
163 258
163 259
163 291
163 380
163 381
163 428
163 440
163 443
164 167
164 213
164 353
164 399
164 431
164 437
164 482
165 172
165 179
165 197
165 209
165 273
165 301
165 320
165 385
165 418
165 474
166 167
166 193
166 202
166 247
166 287
166 291
166 329
166 338
166 377
166 380
166 467
167 188
167 236
167 243
167 353
167 367
167 371
167 388
167 409
167 436
167 442
167 464
167 466
167 484
168 192
168 206
168 245
168 271
168 351
168 356
168 387
168 399
168 427
168 447
168 487
169 174
169 192
169 235
169 275
169 300
169 313
169 457
169 459
170 173
170 205
170 262
170 339
170 366
170 472
170 477
170 489
171 182
171 187
171 206
171 237
171 345
171 370
171 378
171 419
171 420
171 424
171 438
171 448
171 462
171 486
171 487
171 499
172 227
172 326
172 345
172 347
172 358
172 401
172 402
173 213
173 312
173 313
173 352
173 386
173 398
173 412
173 422
173 436
173 451
174 184
174 237
174 248
174 261
174 283
174 290
174 333
174 369
174 387
174 392
174 421
174 447
175 195
175 209
175 230
175 233
175 241
175 310
175 350
175 351
175 364
175 430
175 483
175 490
176 182
176 209
176 213
176 246
176 247
176 320
176 326
176 327
176 332
176 336
176 354
176 387
176 393
176 405
176 410
176 459
176 484
176 485
176 490
177 189
177 268
177 274
177 287
177 292
177 317
177 333
177 365
177 368
177 388
177 398
177 406
177 412
177 463
177 467
177 471
177 472
177 482
178 194
178 304
178 312
178 376
178 398
178 421
178 435
178 438
178 479
178 491
179 185
179 302
179 317
179 353
179 360
179 371
179 373
179 381
179 443
179 458
179 468
179 486
180 213
180 216
180 222
180 242
180 259
180 283
180 290
180 350
180 372
180 380
180 385
180 409
180 460
180 479
181 193
181 224
181 234
181 258
181 261
181 265
181 275
181 305
181 328
181 356
181 379
181 401
181 411
181 431
181 454
181 495
181 499
182 194
182 214
182 232
182 253
182 275
182 331
182 359
182 377
182 385
182 407
182 469
182 475
182 480
183 195
183 198
183 212
183 237
183 262
183 281
183 353
183 380
183 389
183 400
183 419
183 424
183 457
183 467
183 469
183 479
183 487
183 488
184 192
184 208
184 227
184 246
184 318
184 350
184 389
184 467
184 492
185 220
185 223
185 228
185 242
185 255
185 274
185 308
185 317
185 336
185 353
185 406
185 410
185 428
185 434
185 435
185 440
185 497
186 194
186 221
186 242
186 291
186 299
186 367
186 389
186 411
186 427
187 191
187 201
187 255
187 307
187 360
187 394
187 398
187 444
187 452
187 477
188 203
188 227
188 260
188 299
188 307
188 308
188 378
188 402
188 431
188 437
188 462
189 218
189 254
189 303
189 342
189 349
189 381
189 382
189 417
189 420
189 468
189 495
190 227
190 242
190 247
190 335
190 336
190 338
190 352
190 368
190 390
190 417
190 420
190 438
191 214
191 228
191 242
191 258
191 311
191 316
191 349
191 369
191 418
191 449
191 488
192 201
192 211
192 245
192 360
192 471
193 194
193 242
193 258
193 264
193 296
193 305
193 340
193 372
193 446
194 216
194 291
194 303
194 349
194 402
194 415
194 444
194 460
194 478
195 222
195 306
195 313
195 328
195 359
195 383
195 432
195 462
195 467
195 478
195 479
195 483
195 484
195 489
196 204
196 224
196 226
196 228
196 252
196 274
196 280
196 322
196 375
196 388
196 408
196 409
196 416
196 425
196 432
196 487
196 489
197 198
197 220
197 278
197 329
197 331
197 407
198 200
198 208
198 226
198 237
198 298
198 325
198 361
198 409
198 422
198 436
198 478
198 498
199 317
199 340
199 450
199 457
199 462
200 209
200 225
200 239
200 240
200 258
200 261
200 267
200 322
200 340
200 380
200 395
200 405
200 417
200 428
200 467
201 203
201 258
201 278
201 284
201 302
201 305
201 306
201 329
201 396
201 397
201 416
201 463
201 472
201 499
202 219
202 233
202 239
202 242
202 268
202 272
202 292
202 296
202 307
202 310
202 343
202 359
202 369
202 375
202 385
202 386
202 390
202 397
202 400
202 401
202 447
202 459
202 460
202 485
203 211
203 238
203 247
203 249
203 257
203 258
203 299
203 334
203 386
203 457
203 488
204 265
204 282
204 303
204 317
204 327
204 343
204 387
204 463
205 209
205 224
205 266
205 288
205 303
205 313
205 329
205 343
205 345
205 358
205 420
205 421
205 485
206 216
206 217
206 223
206 230
206 257
206 259
206 289
206 292
206 296
206 297
206 369
206 384
206 429
206 436
206 441
206 452
206 487
206 497
207 238
207 270
207 349
207 423
207 453
207 455
207 484
207 490
208 210
208 240
208 284
208 287
208 388
208 393
208 437
208 438
208 461
208 482
208 490
209 210
209 213
209 221
209 230
209 234
209 251
209 279
209 334
209 354
209 385
209 427
209 443
209 477
209 478
210 219
210 246
210 286
210 309
210 351
210 372
210 434
211 301
211 307
211 328
211 357
211 362
211 397
211 407
211 411
211 434
211 457
211 474
212 252
212 286
212 328
212 341
212 358
212 362
212 399
212 410
212 485
213 255
213 257
213 259
213 293
213 329
213 374
213 381
213 413
213 428
213 431
213 442
213 443
213 478
213 484
213 487
214 233
214 250
214 280
214 287
214 292
214 295
214 312
214 357
214 358
214 388
214 399
214 426
214 434
215 313
215 332
216 224
216 235
216 251
216 263
216 266
216 267
216 330
216 331
216 350
216 437
216 461
216 483
217 226
217 227
217 240
217 247
217 253
217 278
217 307
217 314
217 325
217 334
217 368
217 387
217 422
217 470
218 234
218 241
218 277
218 296
218 312
218 318
218 337
218 343
218 345
218 375
218 412
218 419
218 432
219 246
219 263
219 268
219 338
219 362
219 384
219 397
219 428
219 442
219 471
220 254
220 259
220 281
220 293
220 316
220 317
220 419
220 495
221 258
221 261
221 267
221 317
221 328
221 335
221 341
221 355
221 398
221 417
221 454
221 458
221 473
221 491
222 240
222 303
222 311
222 316
222 390
222 427
222 442
222 458
222 459
222 464
223 249
223 256
223 319
223 417
223 434
223 435
224 291
224 302
224 350
224 409
224 424
224 432
224 451
224 453
224 474
224 499
225 233
225 238
225 269
225 304
225 311
225 315
225 332
225 408
225 432
225 453
225 463
225 477
226 230
226 253
226 329
226 393
226 433
226 438
226 466
226 470
226 476
226 477
226 487
227 232
227 238
227 301
227 306
227 327
227 329
227 362
227 374
227 483
227 496
227 497
228 251
228 291
228 318
228 326
228 434
228 437
228 453
228 483
229 263
229 300
229 351
229 422
229 424
229 451
230 320
230 325
230 373
230 384
230 399
230 444
230 479
230 484
231 263
231 265
231 266
231 269
231 275
231 327
231 336
231 457
231 493
232 236
232 238
232 245
232 257
232 269
232 276
232 291
232 322
232 341
232 355
232 366
232 372
232 462
233 241
233 268
233 300
233 301
233 325
233 346
233 362
233 391
233 396
233 425
233 430
233 467
234 246
234 273
234 275
234 285
234 294
234 366
234 368
234 369
234 408
234 425
234 426
234 467
235 242
235 251
235 254
235 255
235 278
235 308
235 348
235 351
235 384
235 394
235 413
235 422
235 437
235 441
235 448
235 461
236 273
236 281
236 289
236 305
236 308
236 319
236 339
236 361
236 425
236 459
236 460
237 244
237 296
237 302
237 383
237 419
238 299
238 306
238 313
238 321
238 331
238 339
238 355
238 373
238 392
238 419
238 421
238 428
238 434
238 468
238 482
239 248
239 252
239 318
239 342
239 346
239 349
239 374
239 401
239 449
239 451
239 456
240 243
240 260
240 268
240 307
240 367
240 392
240 432
240 440
240 443
240 455
240 493
241 255
241 286
241 296
241 297
241 327
241 357
241 432
241 463
241 469
241 497
242 246
242 253
242 270
242 280
242 284
242 308
242 314
242 329
242 355
242 357
242 369
242 411
242 438
242 459
242 465
243 296
243 345
243 348
243 357
243 373
243 375
243 376
243 385
243 415
243 459
243 476
244 281
244 309
244 319
244 398
244 436
244 458
244 474
245 247
245 265
245 278
245 283
245 326
245 349
245 366
245 459
245 496
246 253
246 268
246 294
246 303
246 306
246 312
246 349
246 366
246 372
246 434
246 498
247 262
247 301
247 313
247 324
247 346
247 351
247 366
247 374
247 378
247 407
247 410
247 421
247 443
247 460
247 483
247 489
248 252
248 267
248 299
248 306
248 320
248 445
248 476
248 486
249 269
249 302
249 339
249 347
249 378
249 469
249 479
250 264
250 279
250 300
250 334
250 335
250 353
250 391
250 422
250 435
250 498
251 369
251 374
251 387
251 395
251 396
251 431
251 491
252 262
252 358
252 362
252 411
252 449
252 459
252 490
252 495
253 261
253 263
253 309
253 316
253 378
253 381
253 383
253 388
253 423
253 436
253 445
253 488
254 288
254 327
254 342
254 345
254 346
254 394
254 427
254 458
254 462
255 274
255 282
255 284
255 306
255 321
255 367
255 372
256 277
256 323
256 437
256 463
256 466
256 472
256 482
257 310
257 317
257 352
257 369
257 383
257 388
257 445
257 462
257 484
257 490
257 492
257 496
258 278
258 285
258 389
258 408
258 450
258 466
258 493
259 352
259 360
259 393
259 401
259 426
259 434
259 453
259 456
260 277
260 285
260 305
260 373
260 382
260 391
260 401
260 461
261 267
261 287
261 317
261 321
261 377
261 410
261 453
262 307
262 344
262 393
262 433
262 459
262 471
263 300
263 330
263 361
263 374
263 386
263 418
263 420
263 469
264 274
264 284
264 291
264 303
264 313
264 380
264 398
264 425
264 439
264 444
264 459
265 318
265 324
265 349
265 393
265 413
265 421
265 454
265 456
265 460
265 476
266 275
266 289
266 310
266 319
266 328
266 355
266 360
266 451
266 475
266 482
267 310
267 312
267 321
267 326
267 331
267 332
267 337
267 340
267 354
267 378
267 432
267 498
268 273
268 299
268 316
268 369
268 475
268 488
269 317
269 329
269 360
269 459
269 464
269 468
269 481
270 271
270 279
270 359
270 403
270 404
271 278
271 286
271 299
271 328
271 332
271 352
271 363
271 371
271 382
271 390
271 401
271 410
271 465
271 468
271 474
271 475
271 478
271 492
272 287
272 328
272 338
272 350
272 366
272 379
272 386
272 431
272 433
273 280
273 281
273 301
273 314
273 341
273 351
273 355
273 401
273 499
274 324
274 395
274 407
274 430
274 431
274 454
274 471
275 347
275 370
275 377
275 386
275 412
275 420
275 423
275 449
275 462
275 484
276 315
276 342
276 347
276 361
276 363
276 376
276 414
276 432
276 437
276 448
276 454
276 467
276 479
277 315
277 381
277 427
277 445
277 484
277 485
278 308
278 330
278 346
278 354
278 441
278 447
279 286
279 354
279 359
279 396
279 398
279 430
279 457
280 311
280 313
280 339
280 412
280 427
280 447
280 465
280 468
280 472
280 493
280 496
281 310
281 319
281 360
281 365
281 455
281 460
282 293
282 324
282 335
282 357
282 366
282 440
282 444
282 457
282 467
283 323
283 327
283 341
283 355
283 367
283 369
283 424
283 465
284 286
284 322
284 337
284 356
284 361
284 362
284 369
284 373
284 420
284 457
284 483
285 286
285 288
285 356
285 363
285 391
285 427
285 446
285 448
285 452
285 455
285 472
285 478
285 486
286 299
286 300
286 308
286 350
286 445
286 473
286 498
287 320
287 338
287 363
287 381
287 414
287 466
287 489
288 297
288 321
288 340
288 371
288 385
288 387
288 398
288 422
288 428
288 439
288 471
288 477
288 482
289 347
289 355
289 432
289 485
290 309
290 312
290 347
290 351
290 387
290 388
290 429
290 434
290 457
290 482
291 315
291 363
291 429
291 490
291 494
292 313
292 336
292 338
292 362
292 363
292 384
292 386
292 412
292 444
292 485
293 300
293 305
293 339
293 366
293 373
293 388
293 390
293 392
293 452
293 456
293 461
293 465
293 487
294 311
294 332
294 333
294 334
294 351
294 393
294 429
294 440
294 453
295 323
295 357
295 358
295 375
295 380
295 383
295 454
295 495
296 341
296 352
296 354
296 355
296 404
296 427
296 429
296 446
296 475
296 497
296 498
297 316
297 321
297 346
297 357
297 388
297 463
297 474
298 331
298 355
298 395
298 397
298 407
298 470
299 338
299 341
299 401
300 304
300 330
300 356
300 357
300 383
300 387
300 402
300 407
300 427
300 456
301 312
301 327
301 337
301 348
301 390
301 394
301 407
301 439
301 459
301 479
302 312
302 359
302 370
302 375
302 402
302 416
302 420
302 421
302 424
302 433
303 331
303 335
303 358
303 419
303 428
303 468
303 493
304 333
304 362
304 394
304 415
304 436
304 495
305 337
305 382
305 484
305 497
305 498
306 357
306 376
306 392
306 402
306 448
306 469
306 482
306 497
307 339
307 371
307 384
307 387
307 416
307 424
307 460
307 473
307 483
308 422
308 432
308 433
308 494
309 312
309 315
309 360
309 362
309 365
309 378
309 388
309 401
309 404
309 405
309 408
309 472
309 477
309 480
310 325
310 356
310 434
310 448
310 452
310 474
310 477
311 313
311 318
311 363
311 369
311 430
311 433
311 443
311 498
312 319
312 365
312 403
312 418
313 319
313 335
313 359
313 383
313 408
313 416
313 462
313 464
313 471
313 485
313 486
314 321
314 334
314 404
314 419
314 450
314 489
315 332
315 338
315 387
315 393
315 467
316 317
316 364
316 455
316 494
317 337
317 342
317 372
317 412
317 425
317 433
317 492
318 360
318 378
318 379
318 383
318 387
318 404
318 411
318 452
318 465
318 466
318 470
318 477
318 487
318 494
319 357
319 389
319 392
319 409
319 462
320 350
320 358
320 417
320 452
320 461
320 464
320 483
321 349
321 430
322 360
322 363
322 370
322 460
322 461
322 466
322 478
322 489
322 498
323 325
323 393
323 455
323 462
323 484
324 339
324 390
324 456
324 459
324 484
324 486
325 333
325 340
325 359
325 361
325 363
325 384
325 396
325 414
325 421
325 450
325 459
325 468
325 488
325 492
326 409
326 413
326 421
326 426
326 428
326 432
326 492
327 355
327 356
327 379
327 383
327 391
327 455
328 358
328 361
328 363
328 378
328 402
328 433
328 461
328 475
328 478
328 485
329 332
329 351
329 365
329 373
329 439
329 468
330 342
330 394
330 453
330 455
330 473
331 343
331 400
331 444
331 460
331 467
331 468
331 489
332 335
332 412
332 452
333 344
333 381
333 389
333 425
333 459
333 461
333 482
333 497
334 376
334 390
334 443
334 450
334 493
335 411
335 427
335 429
336 339
336 384
336 404
336 425
336 487
337 353
337 380
337 391
337 392
337 440
337 455
338 342
338 405
338 407
338 454
339 380
339 419
339 441
339 454
339 491
339 492
340 350
340 359
340 384
340 416
340 442
340 477
340 498
341 350
341 405
341 406
341 480
342 376
342 425
342 429
342 445
342 497
343 392
343 453
344 357
344 382
344 392
344 431
344 457
344 463
344 478
344 486
345 372
345 376
345 386
345 389
345 444
345 483
346 443
346 485
347 365
347 374
347 421
347 432
347 441
347 459
348 349
348 406
348 442
348 469
349 361
349 405
349 410
349 430
349 435
349 466
349 470
349 475
349 497
350 388
350 407
350 411
350 453
350 469
350 474
351 369
351 377
351 390
351 413
351 436
351 458
351 459
352 354
352 361
352 428
352 444
352 481
353 358
353 372
353 393
353 407
353 412
353 431
353 453
353 476
353 482
354 356
354 387
354 397
354 407
354 423
354 431
354 449
354 465
354 475
354 490
355 381
355 393
355 467
355 494
356 393
356 409
356 411
356 423
356 436
356 490
356 493
356 496
357 395
357 436
357 445
357 484
357 486
357 487
358 373
358 395
358 411
358 437
358 462
358 499
359 365
359 410
359 415
359 419
359 453
360 373
360 423
360 434
360 440
360 453
360 458
361 369
361 374
361 393
361 419
361 433
361 444
363 421
363 427
363 435
363 466
363 493
363 499
364 389
364 422
364 427
364 486
364 498
365 373
365 411
365 435
365 492
365 499
366 400
367 422
367 423
367 482
368 369
368 408
368 438
368 470
369 398
369 399
369 463
369 466
370 379
370 446
370 481
371 377
371 493
372 374
372 389
372 406
372 413
372 492
372 499
373 379
373 389
373 393
373 407
373 408
373 444
373 447
374 378
374 392
374 467
374 483
375 395
375 440
375 462
375 471
375 491
376 388
376 420
376 437
376 447
376 452
377 385
377 406
377 421
377 468
377 477
378 417
378 434
378 436
379 401
379 407
379 428
379 466
379 480
380 416
380 448
380 497
380 499
381 385
381 412
381 417
381 425
381 457
381 464
382 391
382 443
382 469
383 405
383 415
383 494
384 392
384 445
385 399
385 420
385 455
386 411
386 420
386 438
386 458
386 488
386 499
387 405
387 426
387 481
387 485
387 486
387 496
388 396
388 494
389 417
389 444
389 446
389 482
389 483
390 419
390 446
390 492
391 395
391 424
391 472
391 486
391 499
392 408
392 411
392 418
392 462
392 480
392 483
393 408
393 425
393 475
393 486
394 441
394 452
394 456
394 461
394 480
395 412
395 419
395 498
396 399
396 411
396 420
396 421
396 474
396 489
397 401
397 447
397 452
397 485
397 493
398 400
398 417
398 425
398 457
398 471
398 491
399 404
399 409
399 412
399 417
399 441
399 444
399 477
399 489
400 405
400 416
400 428
400 459
400 468
401 416
401 430
401 436
401 437
401 443
401 491
401 492
402 409
402 410
402 427
402 476
402 479
402 496
403 439
403 465
403 470
403 495
404 412
404 443
405 435
405 487
405 497
406 409
406 421
406 468
406 473
407 422
407 459
408 414
408 432
408 433
408 469
409 411
409 441
409 447
409 449
409 459
409 472
409 487
410 430
410 453
410 463
411 448
411 465
411 470
411 477
411 481
411 492
412 421
412 436
412 442
412 447
412 459
413 427
413 455
413 468
413 481
413 499
414 422
414 425
414 440
414 447
415 454
416 447
416 459
416 462
416 469
416 482
417 427
417 454
417 461
417 464
417 485
417 490
418 460
418 470
418 482
418 483
419 457
419 479
419 488
419 490
420 461
420 467
420 486
421 456
421 460
421 483
421 498
422 424
422 469
422 474
423 451
423 488
423 493
424 478
424 481
425 433
425 449
425 454
425 465
425 490
426 435
426 464
426 479
427 436
427 480
428 436
428 451
428 454
428 455
429 445
429 468
429 474
429 476
429 482
429 488
429 493
430 437
430 452
430 485
431 439
431 444
431 445
431 450
431 455
431 464
431 485
432 491
433 444
433 486
433 488
433 490
433 491
433 495
433 496
434 447
434 488
435 465
435 487
436 459
437 445
437 448
437 470
437 477
438 439
438 441
439 453
439 457
439 474
439 476
440 442
440 447
441 442
441 468
441 480
441 489
441 491
441 494
442 472
442 490
444 452
444 499
445 447
445 462
446 447
446 449
446 451
446 460
446 492
447 449
447 454
447 457
447 480
448 473
449 450
449 499
450 462
451 485
452 481
453 456
453 458
454 468
454 483
455 457
455 493
456 458
456 465
456 470
458 460
458 475
459 472
459 499
461 465
461 480
462 482
466 482
467 490
468 490
469 470
470 487
471 492
472 483
472 498
474 482
476 484
476 486
476 498
477 479
478 496
483 490
484 497
486 494
