48 265
118 86 95 21 119 103 10 100 38 65 106 18 88 70 93 20 33 49 100 84 47 49 57 90 110 45 15 93 32 33 30 45 71 118 39 22 85 120 30 40 34 59 65 11 98 42 21 92
0 1
0 9
0 28
0 33
0 39
0 40
0 44
1 6
1 11
1 13
1 15
1 16
1 20
1 27
1 28
1 31
1 34
1 35
2 13
2 16
2 24
2 26
2 27
2 29
2 30
2 31
2 32
2 36
2 37
2 42
2 45
2 47
3 5
3 8
3 10
3 19
3 23
3 26
3 35
3 38
3 41
4 6
4 8
4 9
4 10
4 13
4 14
4 18
4 20
4 22
4 25
4 28
4 30
4 34
4 35
4 37
4 38
4 43
4 44
5 10
5 25
5 29
5 32
5 34
5 39
5 42
5 43
5 44
6 7
6 18
6 21
6 23
6 26
6 38
6 41
6 44
7 13
7 17
7 24
7 28
7 29
7 43
7 47
8 10
8 12
8 13
8 16
8 18
8 30
8 31
8 36
8 38
8 42
9 10
9 17
9 20
9 25
9 32
9 39
9 46
9 47
10 14
10 26
10 36
10 39
11 29
12 13
12 14
12 15
12 16
12 17
12 18
12 23
12 25
12 28
12 36
12 39
12 42
12 46
12 47
13 27
13 28
13 35
13 39
13 41
13 44
13 47
14 16
14 17
14 18
14 23
14 33
14 35
14 36
14 38
14 47
15 16
15 20
15 31
15 35
15 42
15 46
15 47
16 21
16 22
16 23
16 27
16 33
16 35
16 39
16 41
16 42
16 44
16 45
17 29
17 30
17 33
17 40
17 41
17 42
17 43
17 44
18 22
18 33
18 36
18 40
18 47
19 27
19 28
19 29
19 30
19 31
19 34
19 39
19 41
20 24
20 31
20 35
20 36
20 37
20 41
20 42
20 44
20 45
21 25
21 34
21 38
21 40
21 42
22 35
22 39
22 46
23 28
23 29
23 31
23 42
23 44
24 39
24 43
24 46
25 34
25 39
25 43
25 44
25 45
25 47
26 38
26 39
26 40
26 44
27 34
27 45
28 29
28 39
28 41
28 43
28 46
29 31
29 32
29 34
29 37
29 38
29 45
29 46
29 47
30 34
30 35
30 46
30 47
31 34
31 36
31 37
31 42
31 43
31 47
32 37
32 39
32 46
33 41
33 42
34 36
35 37
35 39
35 40
35 47
36 37
36 44
36 46
37 38
37 44
37 45
37 46
38 42
39 41
39 43
39 45
39 46
40 41
40 43
40 44
41 43
41 44
42 43
43 47
45 46
