Manuel Ortiz 34
Q52Q1E9X 962942.90 2 1.12 5.34
FWITRBLXHC 364329.66 15 -6.32 -8.23 -3.26 -19.78 -22.71 -28.68 18.83 13.62 26.50 -9.79 -12.41 7.98 13.95 16.80 -10.62
KG2F9 660743.16 2 28.93 12.09
35M46C2 584571.81 1 -3.74
21JDM9 356496.70 17 3.13 7.56 0.62 22.64 -23.78 1.27 11.61 -19.95 -9.92 -5.50 -21.28 -29.14 -8.04 25.76 -23.30 -5.50 -4.03
YDICB8A 506004.53 13 -3.33 16.30 -11.29 2.56 10.78 -28.64 -12.27 1.55 -10.81 -5.55 -18.76 -28.89 28.83
UDXNWI 873685.57 19 -20.08 -21.08 27.71 -24.38 -20.76 9.29 -13.84 7.15 -17.90 19.07 -0.26 -0.30 -4.41 -18.72 29.04 3.92 -19.17 23.49 14.06
UJGE 91346.03 2 17.36 -5.67
TJH6EM 450090.98 16 7.57 -4.75 0.78 1.23 22.85 -21.42 23.88 -0.97 21.21 7.81 3.30 -20.55 -9.27 25.02 -4.89 -28.46
XAR9 732208.14 10 15.30 15.68 1.18 -7.46 2.06 13.21 -15.73 27.99 -6.46 17.17
LKUKNMWTT0 111679.88 13 -15.83 17.56 13.14 -15.18 24.69 -27.70 -12.81 -29.54 -11.93 -1.45 -22.71 26.62 -17.42
UJJY 624825.17 8 -7.60 -6.64 -29.80 9.24 -22.70 17.51 -22.63 -0.34
KJ6FY2UZSU 394773.96 12 26.00 -25.10 -6.43 -20.15 24.43 -26.76 -18.58 -27.86 -21.58 -7.76 -9.09 23.46
9JWV9JJD0 630412.09 7 -22.86 13.51 29.87 1.77 -7.42 -24.72 -21.81
NZE7 67056.24 7 -23.43 5.16 -17.99 -27.65 -27.83 7.56 -9.18
220XJNWT2 88464.33 5 -12.83 -23.58 27.42 -27.36 23.42
0VL8RUZLP 950449.53 1 -23.96
G4OFBC 533838.61 3 5.81 26.05 15.64
DQP19JEX 72617.20 18 21.40 26.68 0.67 19.93 2.55 -2.23 13.24 4.54 7.74 -25.33 29.45 -14.24 25.44 20.16 24.77 24.33 -28.57 -16.17
M650G6GQSZ 493948.00 2 8.86 -19.32
9PZV 807088.94 5 -5.88 10.40 20.32 -24.90 6.46
I1117V2WPS 470015.41 3 -28.01 24.17 -27.85
2LJTHRA 677985.45 18 26.97 -13.67 -26.60 -26.46 9.15 2.29 -4.59 -16.59 -16.29 -3.98 19.62 7.23 24.10 16.38 -21.86 -24.77 -3.63 -16.15
YUOW 239978.77 12 -8.79 11.31 -16.50 11.51 20.08 -14.71 -0.43 -6.24 28.50 -6.40 -26.17 19.98
23SN 585758.81 11 -22.69 -15.99 -25.03 0.13 -26.82 7.63 -8.17 29.67 -11.91 -1.45 6.65
T1NTWR 37522.73 15 18.05 7.86 2.59 9.63 -14.12 4.47 -24.66 -23.71 -26.42 5.06 -3.81 -6.48 -23.49 10.12 -3.00
5FDP5D 353264.59 5 26.72 -3.59 -29.06 -1.72 -17.85
BJGTIC8 773970.81 20 -8.72 -27.06 1.43 25.43 -25.27 -20.99 6.73 16.84 -17.34 -6.81 1.93 -26.25 9.82 -11.72 25.71 1.82 -6.46 29.05 -3.04 -24.84
F8IRQTWY 937298.84 10 21.76 -21.42 -8.07 18.96 -7.82 0.26 17.98 -12.95 -13.85 -12.83
UZIJK 902759.05 13 11.18 13.60 -21.22 -9.46 6.54 20.94 5.76 -24.99 -29.81 -29.17 -5.38 20.74 7.80
80P8RC0I 751937.92 18 -12.44 -13.80 -25.03 9.13 8.96 -15.67 23.94 -28.70 9.00 29.71 13.72 -8.24 -25.51 12.30 23.66 5.31 -5.30 -22.87
1LIVU4JOG9 887841.65 18 7.73 21.29 -29.96 -29.10 25.71 1.49 22.98 -23.90 -4.78 18.33 -0.13 -1.57 25.82 -19.63 -7.73 -25.33 27.14 -27.08
EEXHPFKG 439343.52 18 2.46 -2.68 13.81 6.32 19.43 24.91 -19.50 -28.21 23.07 -0.71 -26.21 21.81 2.98 4.76 -26.37 10.04 18.19 22.39
0D7XTZCW 58944.56 1 -28.88
