Antonia Trivez 97
E4NWGXXB 445638.20 20 25.92 -7.91 6.64 -29.40 -21.67 -25.51 -14.76 20.75 5.09 24.28 7.53 -9.48 18.69 -6.43 11.68 18.28 5.17 2.56 11.73 -17.82
D38M1WTH 779850.65 9 17.17 6.47 -12.69 24.51 -16.11 17.63 -25.17 26.97 -9.92
50IYZX6 957587.98 9 -26.56 -6.61 -11.58 -10.02 -6.26 17.92 12.46 -14.32 1.95
CDITD4OXYF 321375.49 17 26.24 -12.65 19.90 -7.45 13.36 13.63 23.68 -23.77 -28.17 -1.05 -20.03 -14.86 7.47 -3.58 -3.96 -26.33 -4.03
1E6O4O7ITQ 964056.15 19 -12.54 -13.85 22.69 -26.64 -29.08 -3.88 4.55 24.67 -18.48 -16.05 5.62 25.35 -29.21 -0.34 21.89 -27.34 20.19 -27.26 -17.38
586D77Q8R8 78374.43 14 6.92 7.34 14.78 7.66 -0.92 0.52 -3.62 7.60 -19.72 19.57 -1.16 14.89 5.05 -14.84
R6L5 351720.43 9 -6.31 -3.73 0.20 13.38 18.98 -18.56 -10.86 24.66 26.09
K0SUBB08M 640328.93 5 -14.04 -26.64 -26.81 6.13 -7.02
HSJY9AH 347992.59 11 -1.58 -10.14 -7.50 -12.54 -20.26 9.60 -0.16 28.59 -9.43 -4.72 -0.73
P3BNM08 422653.84 12 -9.48 -28.93 26.06 14.56 25.42 12.84 12.17 28.00 -14.96 -27.01 -24.48 14.39
51SLJ1WDA 960236.30 11 -29.46 17.63 10.96 19.91 -9.26 -28.32 -10.93 3.63 -29.90 -13.94 -15.63
ABXMF3YX0B 101469.27 4 18.73 28.05 21.57 -6.66
EOJTBAV 697626.95 7 -3.34 7.93 17.56 -28.23 24.50 -28.36 20.61
0Y4RDJHTA 636961.65 12 -1.41 18.81 -28.10 26.28 -23.75 4.42 3.42 -21.82 -25.06 -5.05 -11.20 29.22
3XZI 354256.40 4 15.63 -21.79 -29.83 -0.87
ZZ1VX3RU 857332.42 19 2.23 16.77 -15.61 7.87 -10.18 18.09 -17.25 -27.27 4.23 -12.53 3.26 -29.19 19.69 25.16 -15.07 -11.11 17.92 -28.96 5.39
74OPF57 274011.79 8 26.76 -0.42 17.34 18.35 -3.04 18.74 10.21 29.59
TQ85N 204077.54 5 13.12 -13.74 15.22 -8.09 13.56
TKHZEZV 898301.12 9 9.13 -2.63 12.70 -13.29 -25.02 -9.80 5.76 -0.51 3.40
VLR9Z25 880772.01 14 -9.26 -20.33 24.62 -24.38 14.01 9.96 27.37 21.78 1.24 10.99 -19.48 27.43 10.44 25.69
X9ML3 640224.21 19 14.85 29.57 0.46 13.30 11.99 28.16 -13.74 -13.49 10.06 5.02 20.64 -13.59 -19.54 -13.46 8.81 27.48 17.06 23.55 6.88
9T0W 526720.00 19 -2.38 -1.03 0.87 -21.02 -27.80 -22.87 23.88 19.48 -21.70 2.27 -27.00 18.71 -11.84 -1.10 -10.86 -0.50 26.90 4.05 3.78
2T3DY 862497.47 16 9.68 24.61 13.06 -6.73 19.29 -15.28 -7.39 26.24 -29.05 20.76 12.57 -19.26 24.75 -8.97 -8.12 22.85
K05J1TX 821307.63 11 -3.03 -27.96 -26.89 -24.67 4.93 27.53 14.07 11.41 3.14 -16.40 -6.60
1MO09 662890.71 3 -1.62 -8.03 -9.59
Z4X1YN 513500.12 20 17.10 16.20 3.84 3.50 -17.95 -24.89 11.59 0.57 -2.80 -21.33 -1.40 19.57 16.65 14.41 -10.14 -7.36 2.17 -16.39 2.85 5.94
Q4K3F6IBSJ 842231.76 14 -0.82 6.45 16.49 -16.82 -1.69 -20.39 -17.74 -19.23 12.15 11.21 25.65 -11.08 11.42 -1.81
PBBNHBKKQK 404675.22 4 25.06 12.39 -28.51 -22.50
JHZVKL 582935.25 16 -16.11 2.69 25.13 -6.54 1.67 -17.15 -12.51 1.01 -14.94 29.37 -26.50 5.38 -18.56 28.75 15.59 -4.89
SSNHQIQYGM 527008.12 12 17.21 -2.12 19.66 18.75 -14.48 1.35 11.80 5.48 0.02 -2.51 29.21 8.47
AFAR793 340671.39 14 -9.06 -8.37 5.57 21.49 2.58 -20.50 25.28 0.91 -25.53 -2.83 16.39 -5.05 -7.66 14.65
6XXNKA 754480.81 14 11.95 5.16 7.42 23.19 -2.96 -8.36 17.52 26.68 -23.44 26.05 2.69 11.27 -1.30 -26.20
SY0Z6P 443114.00 5 14.91 -1.41 1.10 25.05 -22.96
OIZYB5 747035.51 19 8.86 -1.37 5.88 14.49 -5.49 0.06 16.05 2.12 -5.80 -1.62 -3.78 24.99 21.18 23.73 8.85 -12.89 -16.59 28.34 -8.97
S07ND68 690143.50 8 2.45 -4.33 5.74 -3.14 0.78 -30.00 9.91 -16.04
OOFTN 413826.10 8 1.14 18.52 15.11 -9.01 4.18 15.57 -13.43 -16.51
NBN4J0QVU 498476.81 9 17.13 -20.53 12.69 -28.79 -4.51 -25.15 0.53 -1.84 -27.34
W3OGU 19167.30 12 -15.45 19.53 -23.76 11.02 -8.83 5.36 -25.23 -4.62 -10.47 -22.77 10.83 -29.47
MEWUJYJ 262787.75 11 -19.85 28.12 16.40 8.02 28.05 -9.42 -10.99 -28.00 16.51 11.88 -26.30
PTZD8WY 409028.24 16 5.69 18.83 25.10 -2.68 -11.42 -4.91 -14.81 -9.16 -6.27 -17.57 -19.70 -16.12 13.52 19.37 -18.13 -20.76
EX5CRXCVK2 675098.76 8 -1.16 -9.96 8.95 -27.87 1.80 -28.33 9.40 -11.47
U5IM 804478.54 3 -13.48 -5.65 11.25
KJ77D1I 368319.69 9 18.67 28.05 -20.16 -0.46 -6.12 -21.74 -4.03 -29.61 -21.62
003FEX 332857.14 4 -20.71 25.16 1.22 -9.74
JTKM9 274738.40 7 -10.66 27.92 8.26 -8.00 7.61 -8.79 -14.31
1PLAL83H5 679095.99 17 -0.56 18.95 4.85 25.35 8.13 19.41 -8.76 27.79 -7.54 -18.36 2.26 -26.57 2.01 -18.67 -15.30 -11.10 0.42
J2C9OG 449615.85 8 -20.95 27.18 8.28 -2.65 18.38 -25.00 -3.08 -6.55
TIUO2YT 859271.52 19 -17.99 28.13 25.50 -7.69 1.19 13.05 -13.07 -6.81 10.36 -28.79 -0.05 -21.42 -24.29 19.46 16.84 27.06 28.88 24.37 -5.66
PK9W4 350958.19 8 4.41 -24.65 -1.87 0.14 5.99 19.10 -5.30 8.13
EAQLM4BSPK 294866.66 7 -10.61 0.89 -24.85 -18.74 -27.51 -20.98 12.91
C72CJPKVK 555722.08 9 -17.18 -2.05 6.05 0.02 14.35 -20.17 23.84 -27.31 12.78
QIJJDN8GAP 416268.06 18 -14.05 15.39 23.70 -8.62 -8.66 -22.38 20.23 18.67 -2.98 -11.29 -1.04 -16.56 -6.61 -22.22 -19.10 -0.04 -26.61 -16.98
LEFQI 607701.04 13 -22.72 -8.45 7.43 11.13 -26.00 -10.58 24.87 -27.19 -0.09 23.41 2.56 17.65 -20.14
Y6Y0OZ2X 967861.66 7 -14.87 13.69 -26.68 -4.25 -27.53 -2.34 -23.71
O59R 417049.44 11 -25.62 25.00 -16.69 -15.23 -0.15 21.24 -20.65 -8.52 -9.06 11.72 17.27
1EG798 957497.10 6 19.12 13.42 -22.89 -9.49 29.09 0.57
CRZ140VL3 459655.90 3 -15.97 20.64 8.47
0KET4 930372.31 4 12.95 -6.82 26.56 0.43
3GGHEUS 748924.22 4 17.60 28.98 1.75 12.73
JRJNU 860538.73 15 13.58 25.85 14.38 12.54 11.84 -3.16 12.46 -23.94 0.97 -6.79 -2.02 -5.20 28.70 -19.42 -19.35
OGITD19 517553.79 14 -0.27 22.90 -19.30 7.07 17.45 20.48 -17.55 2.20 2.31 -29.10 26.09 -29.15 -27.31 -2.10
5MP4WR07YP 575517.49 15 22.69 -29.83 -28.40 25.05 19.09 3.90 -1.58 -15.66 8.84 -15.50 1.46 -15.89 15.45 -29.69 -22.53
O2MOVP4Z6F 342549.98 6 -14.32 -13.41 7.71 -0.39 13.10 -25.68
DBCOY03 369447.59 5 -27.54 -22.96 14.19 -11.77 -28.33
FTVJ31K 169800.48 20 -3.19 -14.32 0.34 -28.21 -15.81 6.60 -22.93 -21.81 20.28 -20.12 -28.22 27.10 4.81 27.85 -9.61 -18.83 4.82 24.29 -24.23 17.61
6IZB3 189030.84 7 4.82 28.72 -26.27 -10.76 6.50 24.82 8.63
MJ5K83SQK1 458301.81 3 -14.49 -1.16 -20.94
FACUNOBG 886882.15 14 16.92 -1.59 -3.93 3.54 0.50 6.04 -20.12 -5.59 15.53 -24.47 29.12 -22.27 8.53 13.48
CGVSAWL 870403.62 15 -10.99 -2.38 -0.37 -23.76 0.46 6.01 8.74 1.95 -13.04 16.10 2.76 -2.40 5.23 -15.72 12.84
7ZU0HK 54465.52 18 23.75 -22.14 29.32 14.79 -7.43 6.22 7.63 -21.15 17.48 1.68 22.73 -20.49 -27.04 -13.06 12.17 -14.11 17.84 2.06
PIAJ 62203.18 1 -29.44
XCLGP 47631.71 15 14.66 -26.62 -21.29 -14.95 10.04 17.85 -8.07 3.22 6.78 11.44 14.49 24.13 -6.74 26.41 -27.31
5GGC 552394.55 15 1.40 9.92 -0.98 -18.71 -28.89 -13.75 23.40 9.29 9.53 29.87 -23.19 2.88 -27.94 8.18 29.56
43WIL0PRU 526131.51 18 0.36 -11.38 29.77 20.37 15.70 -15.19 2.36 -29.84 19.73 29.08 26.84 3.97 -0.95 28.07 8.55 -26.15 -10.80 -15.53
P8SSDU 180118.85 19 22.36 9.87 22.89 -12.28 11.28 -23.81 0.74 16.39 26.89 29.08 -24.81 12.73 -19.76 13.22 -2.42 -27.15 -10.91 -3.05 -15.90
5VKD5HC 131946.66 19 22.47 24.34 6.11 8.10 -15.14 -25.64 -28.92 -29.09 -22.87 -2.88 8.46 20.10 6.46 24.79 3.50 19.59 20.22 -13.17 4.79
79CIQL6A1 549869.52 4 -23.31 -1.64 11.73 23.82
MO5LONU3ZG 118413.12 14 2.99 10.39 18.93 0.89 -1.51 -29.44 -3.16 -20.10 -17.18 24.17 22.71 4.56 25.15 24.72
KS1HI7J9P 79363.76 6 -6.45 1.65 19.55 -28.75 -14.90 -2.29
Z9W4JHWIJH 998952.86 20 7.63 -19.69 -25.32 17.41 -23.30 8.25 -15.31 2.94 12.86 19.06 -13.57 -11.72 -16.86 -5.85 -0.74 7.95 -18.75 -3.02 -20.56 26.69
P7C3R 673757.67 5 3.45 -23.49 10.49 -22.08 -2.80
9BDND 81937.84 4 -11.56 -26.02 -13.58 29.76
1BYX5QCW4 349231.95 1 -28.69
HHJ0E 216798.35 17 24.33 4.31 -28.67 12.59 -23.91 19.36 25.26 15.48 -5.32 12.02 -4.34 2.12 -25.16 -12.72 15.03 -26.13 22.45
WDRK9 492580.16 19 -6.32 -14.76 26.41 9.69 -8.03 -19.63 22.73 -20.85 -21.21 22.81 -18.11 6.80 -19.37 -28.39 -4.22 7.22 -12.29 4.14 18.55
K9Z7SC 515155.99 18 5.73 -17.36 -21.46 -2.27 -16.22 5.06 10.63 -19.64 -15.99 -16.13 25.48 19.72 8.71 22.78 16.53 4.31 -0.66 16.52
WN0A3 439575.36 20 13.50 29.31 14.11 20.61 24.18 -5.25 -1.30 -22.25 -25.03 -24.56 -12.92 -27.69 -3.29 -24.56 -1.00 -24.41 6.38 -11.17 -21.37 -17.46
7K462Z 187099.68 20 -15.97 6.69 -22.95 -0.80 -22.03 -13.43 18.49 2.20 -2.90 -0.97 -20.74 8.38 -16.19 14.37 -2.29 -1.51 29.04 7.54 -17.54 -24.43
H174CNK4 844910.40 5 19.49 -23.31 -24.77 13.23 -18.81
DNYYGMUH 38674.23 5 16.59 -20.35 -3.49 26.13 -15.31
M6OCTEDTJK 875155.03 2 0.94 -8.52
HNFKTY 879509.12 15 -29.26 -2.73 7.60 -15.64 26.01 8.23 -22.35 19.16 2.46 -24.49 -8.65 -28.97 -22.31 19.21 -1.81
23BSO0P1X 221957.93 18 -22.56 -7.55 0.46 -3.21 -24.01 -3.37 15.57 -13.19 10.34 15.97 -0.64 -29.32 10.22 17.07 -1.76 12.26 -21.34 -14.00
K3OK2OG2KN 123325.08 18 21.56 -22.32 28.44 -12.01 -17.09 9.66 16.56 7.92 14.42 -10.67 21.03 23.49 24.91 -17.99 24.20 -20.51 -14.47 6.08
JL9XV 263987.96 15 5.09 12.12 -18.13 -3.53 -24.77 -7.18 -6.87 25.70 27.40 5.32 -12.96 -15.38 23.76 -0.21 -18.35
XLT4 746405.43 3 17.93 -25.60 -11.00
01TI1X94O 516097.20 11 26.77 14.77 29.89 -12.64 -21.48 2.10 -29.34 24.11 20.67 -19.82 16.88
