Antonio Baldor 86
NCC1ULKY 973380.32 7 -10.52 22.59 10.39 -17.19 -11.89 11.66 15.24
DUE3AB4VE 755841.31 8 11.08 12.69 14.92 16.31 2.00 -5.70 -16.08 -2.25
MB2F 32636.57 9 10.53 5.07 -19.08 -27.54 3.32 29.67 14.24 16.40 26.19
FJJYCSCU 874686.81 7 29.83 -3.07 -27.49 -8.31 -10.88 26.31 -23.06
ITPB9V 757682.76 8 -6.43 -14.84 -4.89 -1.83 20.00 7.18 7.20 5.99
INSKXR9HO 915336.24 10 -19.17 -28.81 -2.95 18.41 19.37 18.78 2.56 8.76 -11.58 6.59
PJUEA 168470.52 12 -8.56 -22.05 -7.77 -10.59 6.25 17.98 -14.69 -20.50 -8.38 27.32 17.84 -28.00
1BIEOG 450317.23 11 3.65 -5.97 6.33 19.15 2.72 -12.63 -1.46 22.55 26.95 -14.01 -16.39
CD739 987821.63 3 -21.57 3.95 -26.73
G5V65 613532.21 3 18.24 -2.98 -25.43
RCRIR2FF 265030.84 13 -19.54 1.11 8.16 -5.88 16.89 1.41 -10.31 11.32 -9.73 28.06 -6.61 7.00 2.75
ERGWYIHFW 536265.09 15 -25.63 22.61 10.45 21.58 -29.33 -5.18 -6.74 4.65 28.99 -13.00 -8.72 11.61 -14.74 -12.38 -22.50
4IXXVTWF 73551.29 5 -8.52 17.03 6.69 -22.04 -9.52
2UVQ 187085.58 9 20.30 -10.45 27.84 -29.84 14.44 25.94 8.10 -18.18 20.75
3HNL 136553.29 15 13.26 -22.53 -17.18 -18.80 26.46 27.03 -10.94 -22.12 -12.13 5.57 19.52 -2.48 6.71 6.57 -3.70
A3S3KF8N 773505.41 4 -12.00 6.77 3.17 0.40
TVR5HODS 212043.56 17 12.56 -4.61 -18.15 -18.76 -15.48 -10.97 23.16 -25.44 9.14 5.60 -4.03 -20.87 -15.99 24.48 0.44 11.85 -19.30
2NXLE 272237.02 6 29.99 9.49 -24.36 24.06 -5.19 -1.79
2Q1N9BNV9N 194453.70 19 6.62 13.44 3.63 8.77 -6.54 -20.39 9.71 28.41 3.77 -19.27 -1.54 10.93 15.06 16.93 29.98 -10.03 -29.43 -19.86 29.75
8EFMW5LPW0 15096.55 9 -26.62 27.29 -18.11 24.90 -0.83 1.77 -26.81 -14.67 -24.57
TR8OKU30UO 771456.83 3 26.29 -12.01 -23.98
T0IO1WARH 720981.24 7 -26.96 -19.29 17.31 -26.38 11.27 -21.38 -5.58
WS62 514926.31 13 -4.90 -28.04 -23.31 20.74 -19.61 10.34 16.25 9.98 -1.63 22.38 -16.01 -23.21 18.12
69B7P5MANK 284942.46 14 -5.91 15.48 -19.13 -18.97 -14.17 22.89 -24.65 26.26 8.33 8.83 18.60 -6.02 13.92 5.07
51ZGZAY4D0 808267.31 1 -24.87
M92PVDN9I3 965773.74 17 -9.60 7.77 -12.03 -25.32 5.23 7.93 23.45 16.39 -24.06 -10.50 -27.71 -15.55 -14.24 21.47 17.40 -9.19 18.13
B12LV 750552.15 1 25.85
9PXEKFQ5D 920309.13 16 -12.75 -7.25 11.35 -29.26 -2.92 11.45 -15.73 1.94 18.77 -4.92 -2.06 6.34 -6.91 13.21 -16.68 -6.46
041QY4V 118282.37 12 27.12 -9.08 1.86 -28.20 -5.20 -17.86 -24.28 12.09 12.45 -17.46 -17.11 27.86
KL3X 883823.02 14 -26.94 19.17 -21.70 -8.35 11.24 28.87 -12.20 24.67 -25.04 28.29 -0.24 21.67 14.24 -11.19
J0F7HAG09 347533.05 10 14.97 -8.78 -23.51 -2.74 -3.55 -19.77 11.93 -24.54 27.55 15.47
B8JB22I 238254.55 2 -11.43 -13.11
9MV3CLNKQV 150051.91 18 -24.68 -7.35 -25.71 -1.09 -21.32 9.68 27.47 9.25 29.79 12.56 -6.27 21.13 5.02 3.42 -2.46 -15.94 -1.64 2.87
P5P9U 626837.24 11 10.92 20.59 -0.07 1.00 17.74 -7.24 -0.79 -23.30 -12.68 -16.73 -25.05
IZ1SQ68 93620.87 2 11.66 22.84
G9POPM 974544.77 15 28.36 19.49 17.37 27.00 28.81 -13.29 -17.56 6.42 15.92 -9.34 -28.55 -6.12 17.90 -17.62 -2.71
62XNBE 309829.24 9 -10.26 -7.92 -14.74 12.83 17.23 -2.09 22.30 3.15 28.41
S6PF480LPP 877280.45 4 -9.23 10.75 11.44 -19.11
A1ZIYP7KO 312923.21 13 -19.83 -12.44 -16.55 -10.35 -0.35 -7.51 -14.11 25.29 23.07 26.97 8.09 19.76 5.23
RG2J 802505.83 2 19.60 29.12
MZZ4H24 317188.53 18 25.46 -16.11 5.07 -17.61 21.22 25.15 29.88 19.78 2.67 -17.13 -12.83 2.43 16.77 -20.79 -10.09 -13.82 -19.03 -3.42
X9UQRG 713167.13 13 -29.35 19.02 3.79 20.42 18.88 -22.75 8.67 -5.09 -4.10 27.83 1.60 -21.58 -28.09
HDZ1 927765.41 10 20.54 -24.59 6.34 -10.81 -13.89 12.80 5.20 4.71 27.36 19.06
D5EQ28CB 386496.77 3 0.83 -7.16 3.75
PMRST8 814193.84 10 -4.44 23.05 18.14 19.60 -28.76 -0.29 -3.96 -2.32 10.67 -1.83
DGBQ1F 847671.59 5 -25.48 13.35 -16.54 24.21 22.35
8ZXWO1 459815.62 3 -28.39 -10.35 -20.33
7REI 913483.75 2 20.11 7.86
U5ZV 73848.66 4 -8.20 22.99 -28.50 16.41
WNODW 425650.11 3 18.28 2.40 23.92
NSBS87 873434.71 16 -9.42 1.50 -7.61 -8.99 -24.15 4.02 -21.02 -9.09 28.57 -25.55 -14.09 8.12 4.89 0.86 11.94 6.54
0T52MXVP16 908726.24 13 25.38 -14.20 6.52 17.67 -25.55 25.13 -16.62 12.26 27.74 -23.20 -26.68 -4.65 21.81
EU6E2NL 163400.64 2 -14.87 7.66
WXGN 90635.38 5 -13.68 -20.99 21.00 9.82 25.32
LTZXCUS 970477.61 5 20.26 14.61 5.78 3.39 21.09
C54MWGVJZE 991208.81 2 -9.86 9.25
KST8EFTH 306951.14 17 -6.00 -25.90 27.51 18.78 20.88 28.59 2.65 9.65 3.12 26.03 -21.41 -13.82 16.54 24.55 16.19 -17.07 -22.99
OHH2J5O9 616041.68 1 -28.93
25NSG 714977.73 5 4.17 28.70 -12.91 3.71 15.97
RXWEVRGO 446976.17 5 0.75 19.11 -3.44 -5.59 6.21
9WE3DYOV 818208.63 1 -21.10
5D18J2 875868.72 13 -24.16 -7.80 7.70 -2.91 -18.57 -1.81 25.29 -9.31 -27.20 -20.09 25.42 -14.98 1.11
6DZZN 183698.14 11 12.05 -28.17 23.01 4.47 0.06 17.65 -6.06 -8.44 -9.80 17.05 -15.75
2DU687R4 306257.51 1 3.53
Z6KNTK 309480.98 2 -25.93 24.89
DPNY0N 197232.23 15 -22.90 26.59 8.16 -25.46 21.42 13.24 -29.19 24.08 17.33 27.61 -4.57 -19.10 -20.67 24.64 9.86
QG7X 556433.24 19 -3.11 -23.30 -29.82 1.09 -0.52 -8.54 -18.11 12.57 -24.00 -21.67 -1.30 -13.63 -17.21 17.06 2.09 1.44 -23.84 24.94 -5.96
BS5XUJIAI3 250678.29 18 -29.61 0.71 -2.17 0.17 7.39 -8.27 -24.12 23.43 13.94 -1.27 20.22 16.82 -26.47 -9.77 16.76 -3.38 1.93 10.24
KVRE44K 492309.18 14 13.28 -12.98 19.73 17.90 25.81 -23.15 -9.24 25.22 16.86 0.99 -12.96 -12.48 -12.30 10.37
I689HH 319483.41 14 -27.63 -8.74 7.73 -12.36 6.98 1.29 6.17 26.94 24.45 1.32 -19.75 4.17 20.44 -1.00
Z1OT 397645.16 4 -2.00 1.71 18.90 -22.40
445M 860823.92 20 25.49 -27.59 10.82 3.82 6.66 -5.84 -3.95 -25.18 16.44 24.94 -5.87 23.24 22.67 11.79 -17.49 -29.62 -8.59 -26.90 15.96 2.97
3EU35AD4VR 617348.15 17 16.96 -4.22 -22.41 8.98 18.77 -11.55 9.18 -10.53 5.79 -19.23 -0.72 -0.07 -2.04 -11.63 -2.54 -1.61 -25.28
UBV53R8N 901243.93 18 15.71 4.11 -24.39 -4.51 -14.01 16.21 -10.10 17.79 -20.64 19.40 12.74 -24.35 -3.07 14.75 -25.13 27.13 -9.63 -2.97
58N10WMZ 378875.91 10 6.67 18.68 -4.83 0.02 12.35 9.24 -9.77 12.70 29.93 -0.22
5S7EVY3 880453.13 12 21.64 25.18 7.46 20.32 -26.88 -9.45 -6.95 11.33 -1.57 27.76 -29.63 -22.26
Z4Q8LGQ58P 29423.90 10 11.36 -10.01 -20.18 -29.88 10.32 -5.33 15.72 29.52 8.32 12.53
6J5Z 466834.30 2 -8.23 27.94
V7W8OFYA 750564.82 16 14.87 3.95 19.10 14.42 -22.76 23.81 1.07 -29.67 17.08 28.13 26.98 28.23 -14.36 21.14 -3.44 -21.39
HR1Y4BR 343114.15 1 23.36
46UK142UZ 533496.71 15 23.04 -9.81 -3.78 -26.95 17.40 19.10 7.58 -18.41 19.81 10.90 9.66 -2.96 -5.30 3.94 -10.05
911O8DGEM 834126.26 16 28.94 -14.98 5.09 -27.15 29.36 -26.65 -8.21 17.79 -2.68 -22.84 -19.21 -16.33 -18.21 -9.33 -21.39 29.67
RIP9N 398570.76 5 -13.25 -3.06 23.98 -12.91 23.28
ITTW 922819.97 5 -18.93 -12.69 -3.98 24.43 -0.82
ERPDJ 10355.05 1 -15.82
SUMFCQ7D8 784827.89 14 -18.36 10.14 -8.59 29.84 -21.25 -7.86 -22.35 -17.58 -20.46 11.53 -10.36 17.78 -7.70 -7.87
