Angel Matamoro 98
WZHCR1R1 933630.69 2 -4.79 -3.31
WN2IDHR 98761.17 15 28.13 1.00 26.64 0.08 0.91 -27.93 5.34 3.90 11.52 -24.64 9.83 2.84 -23.50 -8.06 -0.85
G97BP8 19613.98 17 -8.68 13.79 -1.50 12.61 -7.69 -6.31 26.37 26.09 19.56 -16.40 13.96 -23.38 -15.62 18.18 27.42 10.74 -2.73
BMHBFIJN 136163.66 9 28.33 18.77 -0.94 -17.85 -12.79 -28.48 23.98 20.29 3.81
2QZV8K6TWX 547527.61 20 3.92 2.67 29.50 13.47 23.89 -14.79 -17.87 9.14 20.91 18.90 -0.17 26.74 -8.01 -13.76 -0.68 13.04 15.37 -15.52 -18.62 -25.44
OIZFRE 316693.07 19 14.06 26.21 -0.29 0.25 -3.52 28.69 26.94 -26.77 18.25 8.05 23.88 -24.80 -6.46 -20.93 27.98 17.22 -27.87 18.23 11.16
S7TRY 215030.97 6 -26.08 -23.71 17.69 22.41 20.24 25.37
J745W 351455.59 14 -13.45 -25.19 16.89 23.08 -15.67 -2.26 12.88 18.08 -17.82 20.22 12.87 2.15 8.27 -12.01
2H0JR7KV 361541.89 16 12.98 0.31 -29.86 -0.04 -25.21 3.32 8.42 18.94 15.00 13.55 -6.73 -6.92 -0.34 -14.49 -3.67 -24.98
D38K0LF 381896.11 1 -9.15
DZKGF51G 977579.39 19 -8.37 20.58 -19.33 22.13 -1.67 13.64 -16.63 2.44 28.24 -18.49 -17.90 3.00 13.16 -21.23 -25.27 -17.63 -27.00 -13.45 -1.28
4U9OG0WB5 711666.33 20 28.49 7.26 -10.88 -12.03 2.48 -22.22 -5.83 -21.92 11.75 -3.70 19.87 -1.94 25.27 -12.56 -18.48 -19.61 -20.19 -4.53 0.15 -22.46
X97T 288041.14 5 23.48 13.71 5.48 -15.75 -7.64
35CTSIKS 556408.27 7 20.96 3.54 -14.22 -21.13 25.02 16.22 9.32
Q4JEKA33 163556.22 13 -6.64 15.28 -27.85 24.51 7.10 2.93 29.22 -20.37 -18.65 26.40 6.22 25.46 24.30
X1M3P4T 754564.49 16 -21.45 -12.22 29.45 -21.40 -28.28 -7.47 -11.71 27.16 -9.28 -7.41 -22.99 -22.86 20.37 26.94 20.42 -27.75
AQ52SJ9E 738115.81 15 -17.69 6.43 26.47 -27.94 2.88 -10.99 -20.07 1.80 29.24 -4.91 -20.40 -28.93 20.51 -2.88 21.30
79Y2X 383225.29 18 19.73 -20.08 24.83 18.40 21.99 -2.78 -9.23 -16.12 -21.33 2.54 27.14 15.44 -6.09 -22.19 -28.46 -19.90 -10.65 13.56
RVNGX7BME 929740.86 13 -22.55 17.34 -19.18 -27.01 3.75 -14.70 -14.93 11.48 -17.28 12.84 -23.22 27.83 -6.89
LWRRF1 773898.61 5 27.83 -21.73 10.02 5.17 10.12
DYLZ0E1 137729.70 11 -10.35 3.44 3.01 -29.16 18.41 6.77 -6.26 18.41 22.77 -3.41 -29.66
SCV8LBJ 880962.70 15 16.23 1.57 6.43 -22.93 -27.46 -9.22 -21.26 12.36 -26.35 -8.27 -17.59 -23.99 21.82 -29.11 -10.19
8V6S 929904.74 13 -22.07 -0.76 -25.58 -9.86 9.89 1.91 23.11 7.98 17.57 5.94 21.30 -7.02 -23.88
CZQD 974643.34 12 17.04 -16.52 -14.17 -28.58 26.83 28.81 3.57 15.71 -9.42 -20.43 15.98 1.99
XO0TK2JVLG 146471.37 8 -0.00 11.55 23.28 19.04 -25.95 6.33 -25.28 10.47
IPXW23 939957.95 9 10.42 -20.66 -15.97 26.58 12.14 -8.07 -3.88 -26.96 15.96
NCDCSZ 745338.44 16 13.89 -6.32 -8.01 -26.48 -26.34 -9.57 -23.30 -21.86 14.23 -20.73 2.63 -2.09 -5.16 24.48 -7.37 22.56
RU0OUWI4Z 710542.64 19 27.86 -3.26 -6.28 -4.32 3.26 21.21 -21.63 -27.23 -4.08 -16.26 -5.88 15.16 -24.30 -27.43 -21.16 9.73 -4.07 7.43 26.65
J7I7WNWK 216457.65 10 9.66 22.85 -0.61 28.29 4.29 20.83 -22.79 12.53 14.16 14.25
BE3N1ND5DK 385325.96 20 -24.27 -28.94 28.29 -10.03 -5.37 -18.48 -23.86 -15.67 -19.14 10.21 -23.10 -11.40 -11.70 23.21 -14.94 -26.32 15.80 -21.51 -18.73 -5.50
I3DI2N9N 52232.93 14 -22.78 -5.50 -5.11 17.45 20.38 -13.36 9.44 24.66 24.66 21.96 8.52 17.58 28.29 -14.10
QW430K9 423410.73 3 7.25 -27.07 16.88
T7Z9CPPS3G 286319.67 9 -3.91 -26.20 -24.61 -20.59 21.63 25.49 17.92 10.90 -25.24
WDMLPS9 513336.88 10 -12.12 -18.16 29.51 11.17 -0.98 8.22 -21.06 -18.51 -20.64 11.27
S4T0WCX 859452.13 3 19.15 18.12 0.52
TCXCH 898414.35 6 24.43 -29.58 3.39 -15.08 -9.99 29.04
GHJD 671631.86 20 -15.32 15.10 8.53 -29.98 -22.31 -1.35 -2.10 -29.57 23.44 12.98 1.25 -18.00 -11.25 25.82 7.16 27.41 -3.77 9.05 1.68 13.76
43M73D42 115058.17 4 -24.55 29.74 -1.22 -25.51
BGPSUOQ6A4 289020.86 12 9.16 4.03 -14.61 -4.46 15.65 1.33 18.79 -23.24 13.39 7.40 3.85 20.26
EMBUL3TL3 369423.27 2 -18.78 20.64
BOLSU646P 477173.41 13 -25.97 -15.97 -7.75 -11.65 15.25 -11.58 -8.69 19.05 -5.95 -14.37 -22.90 10.53 4.19
H4UPDOG 837699.18 7 -24.82 -3.37 1.08 -5.83 14.10 -24.48 16.97
079I991K 992964.98 19 11.27 9.58 -4.11 21.83 -2.02 4.09 2.31 3.92 -10.14 3.08 -19.23 19.62 -19.87 -7.99 21.94 5.16 0.13 9.27 -24.50
SGEF4PFL7 226875.19 14 25.46 27.57 18.71 12.73 16.05 -25.62 4.78 20.29 -24.34 4.23 22.89 21.57 17.05 -5.15
HJF4LA0A 660718.67 6 29.11 -28.29 -13.17 13.70 5.01 13.72
RVPCV9HA 875022.60 20 -8.38 24.05 10.02 -2.06 -4.41 10.36 -15.02 27.74 -5.16 -2.08 -5.45 23.66 -13.95 -18.75 13.47 24.07 -29.30 -16.91 21.12 -8.57
PI8KX8 451714.41 19 10.26 -6.29 27.81 21.47 -5.00 -16.72 -23.19 0.13 25.01 21.99 -26.36 -11.27 -13.46 -23.52 21.03 28.34 28.77 21.26 -8.21
E1QN 700162.05 9 -3.39 19.34 -29.10 -7.64 -19.38 19.23 7.50 23.14 10.71
GFZFJ 682135.44 15 -20.48 7.29 28.89 24.44 -12.64 12.52 8.33 22.04 2.51 -25.89 7.20 -21.61 21.75 21.84 13.31
SX5Y 516583.54 10 12.19 27.06 -0.95 -7.84 -2.46 -4.74 -27.83 -1.48 -20.42 24.38
8CS1 103712.90 18 16.90 27.17 29.62 17.05 -1.38 16.44 -2.27 29.62 8.08 6.11 -16.08 -23.94 12.35 11.20 -6.28 -5.75 14.32 24.35
8PWX7B1 1905.88 7 29.31 9.48 22.14 -0.00 -10.44 9.11 -7.34
NQ1AHN 869193.37 9 -7.69 24.77 11.15 26.53 17.25 -26.30 -1.11 19.88 17.74
K4VN5R 799946.15 4 -18.95 -2.31 -1.99 24.88
19NMDAQ 222982.55 3 25.38 12.51 -28.44
QNAMVEJDF 102460.19 8 -14.63 -19.89 3.66 25.85 22.64 -1.98 16.36 6.27
6MXA 879135.86 16 -12.24 29.93 1.72 -16.52 8.46 -27.80 29.23 13.33 -28.74 13.32 -10.59 -19.61 -20.23 1.25 -13.24 8.04
LKOKJ7XPP 366773.41 2 -26.55 25.64
8BWA 417271.08 9 19.65 20.58 -25.84 7.39 2.91 22.91 4.86 -27.49 18.50
7D14 698374.49 12 12.30 -14.59 23.00 -0.85 -29.61 20.29 -24.16 21.02 13.44 16.07 16.88 -13.32
ZAGOSCHB1 816459.00 12 -24.79 -25.51 26.22 -8.92 -13.49 4.74 -0.16 -21.96 -26.30 -13.62 5.76 -1.14
XBOLI 37246.76 10 -21.85 17.91 6.79 -13.53 -7.23 21.39 -5.35 -11.97 20.38 5.95
73R0 752104.16 5 -29.68 26.74 18.12 16.24 -8.24
V770 876935.49 1 -18.05
EX8Y5FRE 926035.88 17 -2.43 -27.86 18.63 8.50 -17.84 -2.74 -18.09 -29.96 5.66 -8.60 18.92 -11.29 -4.77 -11.34 -5.40 -26.46 -2.63
108AX1OA 227389.77 3 5.05 -27.28 5.60
ARI4VKIF 849542.27 12 -10.73 18.11 -4.32 13.02 -21.76 22.46 26.08 24.40 29.65 -2.51 3.72 -27.32
M89G1VY80 66605.27 1 18.88
DGXC3WC 878720.65 1 13.79
Q5KG 959796.30 7 15.29 -21.27 21.29 -4.72 -21.26 25.12 -15.89
MGN0 586404.78 5 -19.88 11.69 -8.12 20.43 7.75
MGVXQ5WHU 58258.20 13 -18.63 24.75 13.59 0.69 -11.66 -11.13 -5.03 7.47 -6.94 1.67 10.18 -17.99 20.86
XVYC 396958.25 3 21.24 0.25 29.53
W6F5KDXL 411300.01 3 24.68 8.39 0.49
L2HRAOR1 886831.12 8 -21.27 -25.35 -0.94 10.78 17.47 11.19 24.52 -20.10
1J4YC 1059.26 13 28.55 21.82 -29.06 12.20 -24.25 1.20 -26.41 0.32 -4.66 25.93 7.68 3.17 -26.51
7EBU1ER5 822765.12 15 2.87 4.50 15.29 6.23 10.83 -26.98 -13.66 3.57 -10.38 -1.92 17.70 -19.09 4.16 -9.02 29.45
UM8JM 166359.78 12 13.41 14.15 -8.21 -16.41 -15.50 -8.80 -26.38 15.99 5.25 18.62 4.93 -24.28
GNQ47E 746354.10 3 -6.08 27.19 0.47
PNIDW7 297591.18 19 14.05 -3.25 -20.50 -9.33 7.67 -17.25 12.43 -6.05 -21.18 13.47 -9.18 -1.06 20.48 -9.96 -3.68 -14.07 19.32 18.96 18.23
VJEQ4 644194.48 14 -22.09 4.88 22.61 23.60 9.59 18.81 27.06 23.69 11.59 -8.00 -5.73 24.38 6.64 14.38
2JLWNX4PAJ 563716.02 6 7.14 1.79 14.58 15.81 -4.56 4.13
Z2ZYJ 803099.15 4 -29.75 -8.77 -8.95 28.96
HFLVF 579883.60 10 -27.15 3.83 -26.04 21.02 24.66 3.18 19.64 3.99 16.91 -21.15
1OVENQ 420547.64 20 -8.36 24.01 4.49 12.14 -5.29 -5.23 22.12 10.09 -21.62 -21.13 16.89 -12.85 -9.41 18.15 -22.08 -20.07 -10.48 -29.63 -15.58 -6.12
0QHX8BMG 447050.21 5 27.29 -9.03 6.18 13.51 -19.96
9EHMBQB19T 674641.11 2 -27.76 5.31
GBOBF2MG6W 663317.80 7 28.17 -18.84 20.81 19.53 1.34 20.22 23.85
LB7JIIGP 176179.78 10 15.39 -21.12 -19.36 -23.47 -7.77 22.86 -17.09 -5.93 25.67 -8.33
3950 202948.61 1 -27.60
8P3H 302622.20 3 -12.40 -0.24 -15.26
1ONMK3GWS8 818091.74 4 -19.62 -9.65 -24.48 -17.07
GTMNL4L4IQ 50295.04 18 -19.48 -9.91 -0.78 8.21 29.34 -25.18 -27.88 13.97 -3.84 -29.86 -21.07 -22.66 -19.10 22.40 12.13 27.55 17.09 3.48
E93D 244501.67 15 28.64 1.28 29.02 -5.70 20.12 24.09 -23.76 -6.66 24.92 -18.64 -16.41 12.44 17.94 24.72 21.49
1FN9PCK 542338.33 14 -10.09 -25.28 -17.13 -2.30 20.03 -5.04 -20.04 -22.72 26.94 -2.81 25.51 4.89 -18.79 3.42
BO01 585101.77 2 -24.11 2.11
KJZM 232963.74 11 17.87 -3.20 -8.60 -4.23 28.25 16.95 -14.94 -4.48 -9.87 5.30 -27.41
IR4XU0Q4RU 674395.79 5 -14.68 -22.07 -25.83 19.95 29.08
