Jorge Vea 22
2XMWTMM 57654.17 17 -13.25 20.12 21.46 24.79 -2.95 -13.49 -17.47 -0.49 -0.82 -20.10 11.33 -27.29 20.68 -0.74 27.09 3.00 -0.54
F6KTL6A 234215.83 10 22.40 16.74 18.98 -11.00 -14.02 -13.37 -20.82 27.46 -19.39 6.17
QFMPJWW 415548.38 6 14.48 -21.86 -26.56 0.59 23.06 -15.77
3XPGXU 678533.63 9 -29.21 8.05 -17.72 -2.57 5.49 11.73 2.11 27.70 2.10
JWYMKB 432634.97 13 -10.72 17.56 -2.95 4.92 -0.74 21.10 7.31 -13.98 -22.46 21.34 4.18 9.76 -28.98
MFDEDVINN2 563578.90 7 -27.23 -7.12 14.97 -6.22 -27.76 9.31 5.52
OMCEYR55F 667862.19 14 22.67 -7.15 -6.22 -13.63 22.65 9.45 -9.34 -13.52 22.47 24.54 -24.06 14.82 8.19 29.02
ZA1U3B8J 243127.38 10 23.08 25.37 -1.52 11.58 -24.47 -6.42 21.61 12.39 -20.59 -17.40
TIQDW2A 382191.27 19 18.40 -29.22 1.20 22.07 3.56 -27.77 -13.02 25.65 1.53 -10.09 0.71 5.81 -6.74 -10.98 21.81 29.82 18.57 -5.66 -18.18
KO7O840P 905707.27 13 29.86 6.62 12.01 8.52 -17.24 13.61 -22.47 -21.07 -27.27 5.89 4.26 -26.01 4.49
2F7EAQI 420825.34 19 -3.13 -8.81 -8.12 -27.61 9.15 25.66 -0.40 8.85 6.34 -1.89 19.00 -23.53 -4.97 29.04 9.67 -25.04 -17.21 27.15 -10.14
SH3QPS93 417083.33 1 -21.51
GSW62YFP5X 926093.34 17 -11.21 -18.80 20.42 2.15 -28.80 -15.13 27.53 27.13 -29.00 -28.91 7.88 -29.24 -2.70 -6.04 18.53 -15.97 11.51
AVUVQXTCEL 109311.81 11 -3.82 27.90 11.25 -10.34 3.66 15.98 13.80 15.31 -19.51 -29.96 0.03
DZBDYLZXT 269614.47 13 13.17 23.81 10.58 11.48 -28.81 -14.77 -1.82 -26.83 -23.34 12.17 4.16 -23.78 24.91
LDF66QF 396496.15 6 19.46 22.47 4.23 6.08 -21.37 10.13
4TDFRE5 50298.99 9 -27.11 5.72 -27.07 10.35 22.74 -26.34 -21.10 -20.35 -6.13
1NIJ3J2ONP 57222.95 4 13.45 3.55 12.92 11.62
MRU1K 635095.57 12 -2.07 9.98 -10.94 -24.48 16.08 -0.06 23.15 9.29 -4.43 27.30 12.24 -16.27
M3EYZMVE 716462.23 7 3.63 13.10 19.53 11.52 -16.24 25.11 -25.38
JBOGW9L 286240.77 18 21.69 16.36 -14.08 23.66 -22.34 -23.96 -22.13 25.15 -19.78 26.63 -12.11 8.38 9.87 27.27 -2.88 -19.65 -27.10 -4.74
LAVMJ2D34Q 68135.69 3 17.48 29.79 15.23
