Laura Trivez 91
AVC5SMT 572604.24 11 -13.42 3.52 -1.97 0.92 7.03 4.51 8.87 -22.79 8.19 15.81 24.85
Y9X62JKLI 593238.59 11 -11.61 -20.81 21.78 -15.88 17.27 9.02 24.59 19.01 2.64 8.77 3.47
4L97OU0EBA 978179.58 2 -25.83 -28.72
T9ZR9OM1M 458845.10 2 -16.14 5.77
89PEQ 19575.38 19 6.22 23.09 8.30 -20.22 -6.42 -27.95 23.25 9.09 -4.61 -28.42 -23.22 -21.05 27.87 -26.62 -12.96 -1.98 1.99 -15.02 -12.14
I8G2LNLMM1 288567.09 11 -29.52 -12.58 15.51 12.51 18.42 -26.50 -7.81 -3.54 18.69 5.16 21.02
H9KP4VFXD 45204.57 13 -20.33 1.95 28.28 -7.01 -17.58 5.59 17.11 11.42 5.44 26.88 15.25 -15.46 -22.49
KQ49SNDI 480858.67 19 7.38 3.10 -4.01 -19.96 27.04 -25.89 -13.35 -15.76 -1.79 10.85 -15.87 16.29 -3.27 -25.45 -8.97 17.92 12.46 25.03 -17.19
6F9S 659707.61 14 -19.82 -29.93 -25.94 -16.65 -2.04 -6.30 -28.58 -29.58 -0.26 -11.49 13.64 -25.80 25.65 16.47
VC7S6NBEI6 635733.98 13 3.58 16.81 -4.83 -2.26 13.40 10.30 -2.81 0.10 -8.36 20.11 -28.43 3.13 -28.51
VHLVO36VAE 847731.07 11 -25.39 27.02 -2.95 17.35 18.94 -7.07 -7.02 -5.01 -26.32 -5.83 24.01
S17354ZSY 84218.98 5 17.64 -6.49 -13.28 22.02 -23.11
RUW2QSJZH 375123.59 4 16.70 -27.97 -10.90 29.97
5MHM59 843496.47 11 3.62 29.17 25.87 3.80 24.95 -10.82 6.63 7.63 1.20 -28.94 16.17
OQ83B 752003.54 13 7.36 19.14 -14.02 -11.07 -0.46 1.40 -10.64 -13.46 17.91 -18.42 27.33 -21.00 -24.82
8B0LMJLH2Q 610419.57 5 -12.15 24.31 -20.48 7.62 25.82
AM4108P 37384.08 4 -26.77 -0.72 -26.38 20.42
DNFZDD4Z 687941.49 14 10.02 15.84 0.70 9.92 -5.07 -8.38 29.11 13.14 -7.96 -17.30 -21.55 -29.85 3.02 -13.12
43RVWGO05 463013.96 2 29.72 23.28
MS28U 566466.84 5 -3.68 -4.61 -12.86 13.88 -22.01
B92CUJRP6 570746.72 19 -5.08 -29.95 -10.44 14.25 -29.24 -21.76 25.85 -6.40 -28.42 -18.23 -23.87 18.23 -9.74 -17.10 -9.78 8.83 -24.36 5.22 -8.42
VWMHMH881 756062.07 15 25.85 19.14 -7.75 7.45 24.89 -15.29 1.91 2.24 -23.21 -0.20 6.63 -26.80 24.66 -6.98 -19.77
ZQX5IFI39W 637641.41 8 -19.63 -21.70 -21.46 -15.09 -10.69 -21.32 -16.76 -13.90
X191 434768.96 1 11.87
83WJG 771558.45 12 -25.78 27.10 -12.54 9.14 11.84 2.26 10.31 -9.69 -21.47 26.54 -29.14 -4.64
DKFVW 86563.57 14 29.99 0.52 7.03 11.41 -9.59 -4.36 -8.39 11.53 10.28 4.21 -14.35 18.61 -4.35 -19.40
RAM5ATDSDZ 784725.74 2 11.86 -27.43
K7IDX3T31 923002.67 7 -4.36 0.56 1.38 29.46 8.47 -28.70 28.50
YDROVO71TA 444088.20 16 7.09 -24.52 8.34 13.19 -4.27 -28.88 6.66 -5.17 21.10 -5.62 -20.47 25.93 -23.89 11.13 14.09 -22.89
4FVOJYKSSR 79645.07 6 -29.03 -17.93 -9.98 19.77 19.53 -0.93
4HK8FN8 906801.32 4 16.59 13.64 -3.06 7.21
SZM0CVM 713372.00 15 14.51 2.23 24.14 -23.98 20.62 10.31 11.52 11.58 -1.90 23.37 12.12 13.53 25.64 -1.19 -2.87
8JK3MQ3XD8 803135.41 1 6.68
4CIJOP 854314.84 6 2.12 -6.12 -0.15 29.88 4.97 -25.83
C8POTR 503358.92 18 26.03 -9.77 7.41 2.46 13.77 -13.53 16.61 26.83 6.31 20.65 29.08 -4.66 6.96 19.63 -1.58 -28.66 -7.59 18.48
PABERE 792222.65 17 -18.48 -10.04 0.81 -13.65 -26.57 -18.82 -19.07 -12.26 19.94 26.19 -24.70 -1.82 -11.01 -27.35 8.08 23.46 11.01
1CSXZE9SD 162332.55 9 24.49 9.78 -29.07 -6.96 -7.14 -5.46 -26.34 14.85 -28.91
ON0WUU 515620.10 10 18.66 2.73 1.98 -19.84 -29.31 -25.61 23.78 -24.51 -29.93 20.74
9SEAL 387903.10 20 -5.12 -13.20 22.49 0.73 29.70 19.08 2.40 10.09 21.16 11.96 4.06 16.56 17.78 1.15 0.86 -16.96 22.01 0.27 -18.69 4.48
1G04XP 836820.39 11 26.30 -26.36 26.16 -4.48 -11.11 -8.95 -13.26 -9.24 -0.78 18.73 -1.89
7KYVH 283896.39 4 -11.01 -20.23 -18.98 -11.88
VBWDLDH 793250.73 9 15.02 -27.83 24.80 -0.50 29.70 9.18 16.42 -14.05 17.79
RKTX1NI 905351.55 13 -6.87 -18.41 -5.62 22.74 13.47 21.00 -10.04 7.56 -6.41 10.98 -7.11 10.07 -25.46
EMT7V 432094.64 6 15.51 20.24 -5.40 17.76 -15.91 1.57
MAYKI 360992.11 9 -16.47 0.11 10.05 16.24 14.84 -20.89 -1.73 7.18 2.28
X8Y5CHGR 409114.96 19 -25.77 -8.67 -3.37 -7.82 -19.54 13.68 -21.45 -8.03 27.95 -25.25 -25.53 -16.10 18.65 -15.73 6.92 1.61 11.22 15.63 13.74
LCN2YXUZI 662008.65 19 0.21 0.26 -23.72 -19.22 -12.77 17.75 23.69 28.20 -25.25 -13.74 -18.24 16.78 -20.96 -4.16 -4.37 7.94 6.12 29.80 -25.01
3WTFS 80488.00 12 -6.55 -21.46 -1.01 -12.74 4.96 26.99 -15.51 25.95 -21.32 0.58 4.01 -19.05
SLFXA7PZ 232377.81 2 -25.80 26.48
IVY3YQPU9 285746.22 14 -13.87 18.41 -1.49 22.61 26.68 7.22 0.03 -15.22 -4.48 25.75 -23.55 -21.61 -11.97 23.24
R8GSW5V67 957786.55 4 -23.45 -19.97 1.78 -28.19
Q42R0D 127915.70 20 -10.74 20.78 13.05 -2.57 -10.49 17.97 -23.36 11.62 -1.71 6.30 2.88 -5.57 9.87 4.90 0.39 -7.70 17.97 -8.73 -9.68 9.64
0K0W7P 346806.19 2 24.91 -18.15
I78MWHEV 377150.96 7 -23.92 -18.77 22.39 -10.22 16.98 21.97 26.30
DLA4GF 589644.85 12 -26.50 22.74 -3.30 28.32 -27.39 -9.37 -22.99 22.31 -11.06 26.25 17.97 -1.85
B2Y4Z5 273401.83 16 -3.35 -5.43 8.01 -7.27 7.24 10.36 4.69 -6.73 12.24 28.22 -5.88 -27.91 28.02 -8.79 9.17 -3.36
QA481R1 486869.80 2 17.14 -2.94
OCJHPUW 959959.10 15 -12.56 2.23 3.97 -12.05 8.35 7.68 -10.97 6.84 1.03 29.72 3.48 22.86 27.96 -28.66 8.68
8PLRL1CZ 875092.63 10 11.36 17.31 29.81 29.63 9.20 -25.90 -2.81 5.68 -27.19 -18.45
QVPPYTFCR 559482.11 16 24.88 24.03 12.19 -26.98 22.59 -13.35 -13.48 -23.52 14.77 28.14 4.85 15.69 1.02 24.34 -6.65 -18.35
2L5C 540838.16 2 24.09 -19.76
UIIQOQC7H 643327.18 10 -10.29 -21.08 -24.27 -26.14 20.76 17.88 26.34 15.08 -28.66 3.92
VNCB2N 244963.15 6 13.16 -10.73 12.03 -25.36 4.39 -18.98
7V881YFA7 113209.58 2 -16.10 -26.55
1592Q 223261.88 16 -25.99 -19.94 19.74 0.77 -26.67 14.36 15.05 -26.35 22.25 -15.60 -25.89 -5.09 20.84 -7.25 -26.94 -9.23
3ESZLG3C3C 554344.77 2 -18.71 19.48
CBMYD3EN 912367.31 11 9.83 -28.42 28.95 -2.28 28.85 -10.28 25.17 -7.26 9.19 17.90 2.49
C6CMKH 829143.93 17 5.20 20.51 -17.64 -28.61 -5.27 28.90 16.89 19.41 12.37 10.00 3.94 -12.35 -28.83 14.54 -10.79 -9.56 -13.86
973NOMQ 576473.60 14 -20.85 13.33 21.44 9.07 4.91 -23.06 -19.45 18.49 -11.44 -9.26 3.99 -18.96 -23.81 20.38
SLN3E12 244077.06 12 -13.33 20.93 28.69 -19.10 15.45 11.87 20.58 -29.50 21.76 2.02 7.44 20.66
NOPGB4E 232431.06 18 12.34 -5.01 4.26 24.52 -18.76 28.07 24.37 9.06 23.34 27.56 5.87 22.06 -8.46 12.55 -16.50 -24.53 26.45 -16.70
WEDU5JROP 105444.82 18 -17.70 -25.96 -22.70 19.92 10.25 -2.53 -19.69 -23.40 -14.74 25.44 -26.99 23.15 -20.42 -13.70 7.26 11.22 28.00 -9.16
S0KLQ2F5G 348989.05 2 -12.00 11.99
Y8CR1C69 436752.27 19 5.07 -5.24 -14.26 29.83 9.54 17.01 -28.29 26.53 14.90 -13.00 -6.45 -1.86 -13.92 4.64 16.30 22.89 8.34 8.21 12.83
NP0NVOJN3 82412.93 9 18.61 -8.19 -0.68 17.09 -1.72 2.48 -28.02 21.87 28.57
L6OQ 222326.88 4 -7.01 -29.22 -1.93 -22.50
1DNFYC1WZ 864238.20 7 26.74 -0.31 18.28 -5.30 15.05 25.15 29.48
7UJ4N2G4K 492644.42 11 -6.26 15.55 4.02 -14.18 -26.49 18.54 22.00 8.38 -0.90 1.63 23.49
9MDKN5Y 271072.02 17 2.13 -25.63 17.07 -2.88 -6.78 13.93 -28.11 -27.48 2.69 29.14 -3.21 21.70 2.13 4.54 -17.58 -0.63 24.34
YTZPC4UM9U 791009.45 5 -3.50 -28.59 28.39 -14.66 -21.33
UDKGXEG7RP 555958.56 7 17.27 -19.07 -24.86 12.80 5.30 24.12 -11.94
UQ3J2YW 463010.75 19 19.59 -1.99 -12.58 -3.24 17.50 -0.33 28.95 8.65 -16.66 -22.50 29.70 1.72 22.87 -15.19 -13.41 11.32 3.02 -1.21 10.86
CE1N65 617003.86 16 -26.77 16.40 20.22 7.56 1.74 25.93 -19.78 -7.10 19.57 10.28 4.52 19.30 -15.14 -6.24 11.05 -14.43
SRCMLHA 613763.16 17 18.25 6.79 24.05 -5.54 14.03 -8.19 8.10 5.94 4.81 14.58 -21.66 -21.38 -21.77 -10.74 -19.12 3.92 4.20
ICWVED6Y 88855.64 9 -28.37 -18.29 -20.83 -4.16 -27.37 -28.76 -28.16 -6.24 -11.86
2Y1J2 580532.12 12 -17.93 -16.23 -20.49 26.83 11.06 -25.00 -19.59 11.91 -15.71 -6.03 -0.95 -27.68
P5GP2HNDQ 490181.28 18 -12.68 -14.63 -2.62 2.35 11.33 -25.40 -16.97 -6.66 -8.11 -0.19 22.31 -28.93 -28.63 -2.71 21.60 -5.08 5.39 -3.65
KF3DS7F 140903.57 17 -21.51 -20.15 12.95 -13.87 -8.94 26.57 -27.97 25.43 -29.85 27.32 -7.15 -5.94 -17.91 -28.44 29.45 9.82 -27.94
J57RSZR 14960.00 18 -1.92 13.99 -24.19 5.32 27.38 6.35 23.39 27.02 0.48 3.53 -4.97 10.69 9.82 8.10 -14.62 -29.54 -17.20 5.48
EP70E 709349.85 15 10.74 22.52 -12.70 10.07 -12.15 22.85 -0.50 14.64 -27.72 -24.43 -29.52 2.59 9.21 21.70 -3.66
RM1K8J7 725283.22 17 -19.18 18.72 -6.45 -16.01 20.20 -7.62 8.48 -2.95 -28.70 10.02 -21.77 24.59 -29.24 5.67 -16.12 12.54 28.78
