Ivan Purti 23
RV4GHTMUL9 197687.82 18 -28.57 -13.31 27.69 -8.19 -26.97 -22.83 13.24 -8.08 24.87 -6.09 -1.20 -3.51 25.91 -28.93 -3.69 -0.26 12.85 -14.84
LDOL6 618655.49 10 -1.01 -8.74 -0.25 24.39 -1.76 11.31 -1.38 7.80 -6.14 -10.86
WRE4YO80P 138500.35 14 8.37 28.08 -15.21 -21.07 -16.78 3.96 18.27 -23.99 29.22 11.20 -9.79 7.15 29.99 -15.41
8EWLAG 387816.24 10 -16.33 -7.63 -24.44 8.54 -17.63 7.59 23.13 15.65 4.01 -4.70
HK63JI4XQ 942711.56 3 -13.47 -18.71 -6.60
XU4AOWB3C 474880.39 14 8.23 -6.92 29.33 -3.34 -4.50 -22.03 -19.79 -9.84 28.87 6.03 -24.91 16.20 -12.86 -28.69
RML940 194279.65 1 3.87
G21QOLDVI9 270225.57 1 -4.55
EAOT 772587.82 9 -11.84 -23.53 9.40 -19.06 9.70 -20.66 -16.26 4.11 -10.24
CQM4 934341.96 14 -2.32 14.83 26.96 24.61 -0.23 23.56 6.31 -27.54 -18.14 -23.97 -28.47 -0.09 -2.11 -2.02
MEEYGY 809445.88 4 -25.85 12.22 12.16 19.96
9EUK 188254.81 1 10.32
QZM0PKWQ 442930.03 3 -12.44 -4.29 3.47
1F5XEK4 50134.80 16 -8.32 -8.40 11.36 -17.12 -24.29 5.67 -11.83 -21.17 -16.94 4.62 11.81 6.85 -4.13 -14.19 19.14 28.67
RKQC 442157.07 17 19.20 0.95 29.89 -24.42 -10.00 14.16 17.76 26.43 -14.26 24.99 -2.43 -29.21 2.87 -5.85 -13.17 -13.13 8.34
5PL3BAY7C 349903.80 15 -22.66 7.06 6.09 -24.21 -27.64 15.17 6.77 -17.28 23.75 22.61 -1.76 12.20 15.66 -9.11 -25.07
B0K8G 699569.21 6 7.84 21.26 -13.50 -16.14 21.60 -0.65
C9ZF1S0K 339975.57 9 15.67 -22.59 11.72 -21.47 2.06 -8.41 11.35 16.00 -1.05
ROSS 188848.99 2 21.20 -22.42
6WI71NA 85425.02 17 -28.05 29.40 -0.60 -15.20 15.79 4.22 -29.10 18.31 20.93 26.21 9.62 10.92 13.52 -20.15 20.22 2.61 18.64
FX2A6Z 79102.14 15 23.89 -10.28 -20.23 1.17 -6.83 -21.39 -11.17 11.60 -19.06 14.55 -22.93 27.07 25.78 -11.30 13.44
REI00BKUI 472227.16 13 15.99 -11.90 25.85 -12.31 23.81 23.49 7.42 15.17 24.65 -17.00 18.80 15.29 4.03
GV7W5BB24X 491378.90 3 0.18 -17.31 -24.34
