Antonia Cargua 61
OQ5Q0YTX83 22405.76 19 22.09 7.75 27.97 25.12 24.32 14.79 22.87 -1.34 22.42 2.81 -29.46 27.53 18.00 29.41 -19.27 23.69 12.34 -9.73 26.21
AMACB1PM 122778.53 4 27.22 -7.93 27.70 22.43
L5QR0JRJ2G 148202.29 16 17.81 2.96 -16.30 5.09 29.67 -11.17 17.05 8.82 1.21 -23.07 -27.63 26.62 -25.99 -25.25 20.17 -1.19
BDGJ 85241.58 13 5.37 -17.58 2.68 15.97 2.74 21.54 -25.27 13.79 -1.32 29.17 -26.53 6.45 15.45
XUD6UOTMU 364503.17 13 6.52 -16.07 11.68 20.22 23.27 -0.44 23.02 11.40 -10.72 3.05 -0.67 -12.88 18.73
2BUJVE6BU 70707.73 12 -18.88 -6.19 23.34 -4.17 17.55 -5.18 -15.58 -5.32 -7.98 -14.76 -7.99 -15.54
2JTMVHX9KE 127696.18 3 14.12 -23.76 -29.73
FT2SGHV0M0 113603.38 13 17.52 -8.49 -26.02 5.33 -25.48 22.68 5.32 0.25 17.75 -26.61 -19.20 23.93 -21.71
Q23BME1 610389.10 8 -20.44 1.22 -28.15 0.34 -23.00 10.83 24.90 20.19
ZTE20JVFQ 898646.74 11 -1.74 20.07 -20.10 29.98 1.24 -27.14 -3.95 23.43 24.65 -4.52 21.41
0PBVUMLH 765551.75 20 -8.55 8.30 -12.61 -9.06 5.51 23.95 22.13 -16.90 12.43 5.85 9.42 19.25 4.80 20.97 11.83 12.35 -26.01 24.71 -6.24 -2.24
LKI7 121997.61 8 10.67 26.39 11.90 -19.63 -13.65 3.80 1.54 -28.54
VNXQQ 326003.76 3 -14.75 5.20 9.22
TZ72H2 591570.97 19 -22.83 -10.18 -23.15 24.18 14.37 12.19 29.65 5.36 12.30 25.73 -21.71 -18.34 14.38 -11.42 27.52 -27.81 -1.25 -16.87 18.68
RJ549Q 191237.21 9 -25.06 21.48 1.95 28.36 15.44 22.03 -11.49 -8.88 14.82
E06BDSY6 314463.71 12 21.06 5.74 -22.72 11.66 0.94 -6.71 -3.57 16.27 11.23 -29.79 -12.86 7.98
5XI8SI 654551.08 20 2.41 7.99 11.56 -14.49 -7.09 -21.94 -25.65 6.76 8.17 15.15 20.13 28.28 22.00 -12.48 4.86 -20.30 -4.08 -13.20 1.39 -10.36
5JZNT662MN 258761.60 13 24.38 -6.92 2.05 -4.70 -26.11 -8.68 -13.50 1.90 7.00 9.92 -18.86 28.93 -2.73
YATPT 476138.41 1 13.52
Y7GU 274177.99 10 -15.14 -2.10 -15.94 25.63 -24.87 16.51 -20.24 12.62 -8.03 -7.96
OF58 704556.27 20 -7.47 21.69 10.29 -7.79 2.77 -22.17 -17.43 24.43 16.85 -10.59 -29.68 -28.40 -8.19 9.16 9.76 -7.33 -15.25 -11.32 -21.77 -16.34
9GFY7D0G3 932766.79 11 -2.68 21.75 -23.61 -9.38 -19.14 -24.60 -28.17 8.42 6.61 -14.41 12.43
I5HRIMQ 314411.92 9 -21.77 12.32 -26.80 2.17 21.44 -7.69 -13.11 -2.07 23.82
Z67LM04158 791245.00 14 -22.27 -1.59 -13.26 -1.35 -0.70 -1.72 -28.85 -23.96 3.27 -6.00 1.32 19.79 -11.94 14.00
OEXZWA 532804.30 8 -3.29 -27.33 13.10 4.04 -27.71 -16.00 -23.27 20.10
D8RI7Y 119661.00 1 1.93
I4VPQ 221999.92 11 11.25 -4.14 -6.43 9.65 18.97 1.94 2.40 -8.93 22.38 14.18 24.41
ZM9O 152306.59 18 6.92 -0.15 -26.09 -8.17 -19.32 -16.23 -19.51 9.03 -29.28 18.38 -23.41 -15.86 29.04 -25.58 16.80 10.25 -19.72 1.88
LMX86RRI 407259.88 16 -3.50 24.66 24.28 -10.95 15.60 -18.37 19.49 -6.93 23.38 10.67 -26.29 27.36 -6.53 -25.95 -13.74 -16.35
RWHAN48Z 761028.48 2 -24.44 5.14
N6PB4Y4L 676938.01 9 -8.11 17.26 -11.57 6.84 -14.61 5.51 25.72 -19.49 -28.23
V668XUT6 712505.98 19 15.09 16.91 -23.47 15.72 9.80 13.71 0.28 3.69 -26.30 -29.65 -15.25 -17.50 -13.97 23.43 -11.14 3.04 -15.50 20.62 0.58
WZJYW2 541368.65 13 11.50 15.25 6.59 -21.46 -8.73 23.21 0.21 -1.62 -15.68 -7.20 11.93 -4.73 -16.80
7TV23RI 238584.80 15 -10.75 28.88 -29.65 -3.99 -17.36 -14.37 6.77 -19.75 22.41 -23.15 -12.13 26.06 12.13 1.94 -2.85
2WQ0NW 760168.98 20 20.31 15.78 -10.76 -23.10 10.28 22.91 9.11 -1.02 -6.12 -4.15 -13.03 23.45 19.33 20.53 -15.87 -16.89 3.86 -27.20 3.89 -8.07
U2LCPJ8EUS 236942.72 4 20.96 -28.06 25.81 23.67
RIFG3NJ 41929.79 18 6.78 -3.26 6.01 7.32 -7.65 -19.13 16.46 -7.49 -22.63 -17.08 -3.80 27.37 -27.33 26.22 9.59 -9.70 10.31 -24.01
G7LSVFS 136912.72 14 29.59 8.94 -2.10 4.73 -25.48 -2.57 18.67 21.02 -7.42 -16.24 16.75 16.59 4.57 -12.21
JCPA4N1N3 551095.14 5 -2.86 11.16 -4.11 22.94 -7.13
GHECRD 992861.47 18 -24.88 21.31 27.37 29.97 -17.80 0.82 -0.57 23.08 3.99 28.82 -15.35 4.64 -5.57 17.81 -6.47 -8.36 -20.59 -1.12
7U62H 401831.17 8 15.93 16.56 2.86 -28.18 6.80 -3.63 -4.02 -6.64
E1SU 437951.83 15 18.75 -25.84 19.33 17.48 0.79 17.95 -24.98 -21.50 -19.08 3.31 -13.30 -27.89 28.11 2.34 -20.90
27YJ3MB9 483249.93 20 -25.08 -9.25 0.12 8.94 3.42 18.46 1.53 2.19 28.60 -21.70 13.33 14.85 -25.40 12.54 29.42 -5.71 8.51 -20.86 -17.64 13.68
A65E 974627.39 1 -14.26
2T22C246 772701.91 15 13.48 24.77 -16.81 -26.82 -16.77 16.78 -5.08 -1.77 -25.64 16.41 -20.78 15.84 -8.03 -7.38 22.33
F0R2BOG0UW 251756.04 8 11.27 25.09 13.53 7.69 -21.14 -24.40 19.76 11.74
73B0HS9I1 349093.23 14 11.23 0.64 -5.91 -17.56 2.24 14.27 12.02 -26.68 5.32 -23.62 13.38 10.73 13.35 17.03
QY5K6A8H 445720.95 10 -12.77 -24.99 -25.07 0.15 -11.91 -23.99 -16.01 -27.42 -8.18 -24.49
KJN7 105522.29 18 27.57 29.44 21.60 -26.36 -29.18 22.03 25.94 -19.16 11.33 25.25 22.69 -28.37 11.27 -9.17 23.00 13.95 19.80 15.70
EA9OCQHZ 62373.25 11 13.98 5.04 -6.10 1.35 -15.29 19.46 18.16 -12.69 -20.07 -3.36 21.18
DD0FAOL3 384767.60 19 16.71 -24.25 -4.02 5.88 -24.02 -4.15 7.59 -29.55 25.97 29.04 -15.93 16.12 15.45 -14.08 9.51 16.61 14.70 20.66 3.36
52B0B78T2N 246539.14 16 -2.68 29.30 -3.25 11.01 -2.55 -28.16 -2.38 -12.13 -8.50 -27.39 -7.09 -0.37 26.52 -8.21 7.37 -8.83
A9JQDS4A 685559.18 12 22.75 26.10 -12.45 -5.06 6.36 -0.57 -16.29 -29.73 -18.27 -9.53 4.32 19.55
RFP2SP 919565.46 1 -0.32
YTPJY6L 921130.09 2 13.89 -24.25
UQ9U0N3W 122257.90 7 -4.86 10.58 11.39 24.95 12.57 7.89 16.10
XCUO49W2 897561.58 13 18.61 15.29 11.31 -1.62 15.47 -19.65 6.42 -9.69 19.83 -29.54 18.91 11.55 -9.34
ICO6MY1T1 418264.08 14 5.26 7.63 4.13 -20.04 -19.37 4.30 -24.45 24.59 -8.76 8.70 -0.23 -26.72 -2.75 27.27
FN5G1 170.25 14 -17.09 20.65 -24.71 -22.15 -29.81 -9.39 24.85 -21.54 9.00 25.93 -4.93 -29.69 29.85 -26.52
4WQ0H 508192.46 17 16.62 -26.32 -9.57 3.69 -12.65 9.52 15.17 6.25 -12.21 23.78 -6.93 0.01 0.64 23.49 -0.50 13.14 16.67
QIC8S 580843.02 8 -18.34 -27.58 8.96 7.34 12.87 8.79 -24.35 -10.45
