Carmen Ortiz 83
YEMY8TRGHB 135459.72 5 15.71 28.65 9.59 -5.89 29.22
DNIU 900776.30 7 -0.32 25.37 -3.69 0.72 23.89 -26.23 -28.55
VHNYWNJRM 50798.88 20 18.11 11.61 27.37 -6.31 16.28 22.70 28.37 4.72 22.70 4.37 11.19 6.48 -19.23 -12.73 12.30 -2.85 25.33 -16.80 -0.38 16.61
9LPB6 237571.93 12 -16.48 11.49 -4.20 22.86 19.69 22.16 -17.83 21.06 18.40 25.27 29.44 10.37
350SPTG4 712034.40 15 -18.65 -26.59 13.60 -12.72 -24.41 -15.89 -8.97 28.64 -1.47 23.11 -29.54 21.33 15.90 16.34 11.07
BXZO4FH 612853.08 17 4.64 -10.76 -3.67 -16.37 2.28 20.29 -3.10 17.81 -21.58 2.21 10.57 23.40 27.82 -28.30 -5.43 16.75 -27.43
PPDVLYETZ 855160.38 13 -28.20 12.65 -15.46 6.84 -5.74 -10.67 -7.41 -18.86 -24.88 -24.56 14.67 -28.30 21.58
DN03OVTR 351440.53 16 -14.28 -17.08 7.82 9.06 29.93 -25.50 -15.39 5.48 27.68 24.17 -4.26 -2.14 -27.43 -3.30 4.25 -1.88
FZEDU 734584.79 9 -18.81 13.39 14.93 -21.21 -18.51 22.36 -21.94 -0.15 9.81
88SW6I8W 429475.75 20 -10.10 -6.00 6.19 11.06 -19.46 25.21 -13.95 5.13 -18.96 23.22 -1.57 22.94 -8.68 13.25 11.64 -3.77 6.59 4.06 13.30 -27.68
NXYXR 425164.44 9 23.03 -0.70 -10.08 -1.78 11.74 4.65 20.51 24.80 27.37
F7HUWA 210098.42 14 24.71 -7.34 15.59 24.00 0.36 -8.84 -24.06 7.21 -10.07 -28.69 -26.45 -13.07 -10.16 19.90
4UWNKSQ6 867916.99 14 23.92 13.42 8.81 10.36 -0.14 -6.73 9.01 -7.60 -27.26 -21.05 -25.91 0.17 23.38 -26.29
G2LAEEA 92126.43 20 7.36 3.35 -23.66 -10.70 -18.19 -27.16 7.47 26.95 -23.88 -12.52 -25.27 0.39 6.31 -21.14 24.26 5.54 -10.84 -25.78 6.09 -28.58
1OMPZ71GI0 807779.59 12 5.28 -25.15 25.99 -16.59 26.03 -25.32 15.17 9.66 11.97 -17.86 16.10 -7.72
KYWYA8IL 311062.06 8 -3.82 -26.59 -28.68 -23.54 -25.91 -13.63 -11.62 4.77
X3J640Z 810048.33 5 -11.25 -28.70 2.57 -13.84 28.39
0EU1L 837378.56 9 -21.92 14.42 11.03 -18.98 18.29 6.68 20.56 -12.13 -9.21
OF8XIBZP1 805430.31 11 -12.99 24.22 2.09 -23.48 -16.70 26.31 -29.27 7.62 -28.28 26.10 23.82
65Q8H1SG 118029.21 4 -17.27 -25.21 -26.01 6.55
43C8XRWJQ 732591.20 12 24.38 13.59 -9.18 -27.25 -10.75 -15.93 27.95 -9.84 -1.45 10.99 18.17 1.71
TRZPOZZG7U 934511.82 3 28.24 -11.23 -3.79
MZMGF0U 998525.45 10 -25.44 9.46 21.84 29.22 25.19 22.50 11.77 -22.13 -16.01 -2.00
CNR1H 291773.35 10 -4.39 -2.76 22.54 -17.32 29.25 -0.50 15.73 11.32 22.55 5.92
62C9C 724454.63 13 16.49 -2.62 -27.14 -12.16 -24.81 -2.58 -20.19 -22.92 -27.25 23.35 -12.41 21.11 9.53
60UGM3BT 104360.81 12 -9.23 -9.43 -4.48 13.91 10.45 12.64 -15.17 -7.18 -16.35 -2.06 24.38 -25.66
191AX 793730.21 20 7.60 -14.06 -19.75 -1.99 -11.20 23.40 20.36 -20.31 14.48 -21.61 -8.18 -25.68 -14.65 -15.22 -5.80 27.57 28.27 15.94 8.16 -29.67
RZOMEX 453301.57 5 -15.57 -16.86 26.96 -20.57 21.04
ZG0I46UXT 608138.62 6 -21.15 5.18 -29.39 24.56 23.25 -27.48
3E8NNM9EC 724704.68 17 -11.62 10.92 -20.96 -1.85 -5.22 20.50 -7.10 -9.84 6.53 -24.72 0.19 4.21 12.91 11.90 -12.90 7.17 7.49
OPBE0I 77364.38 10 17.93 -12.33 26.01 -19.29 -8.43 5.19 -22.74 9.55 0.57 0.86
GXWP7W 284383.02 4 29.44 -12.39 16.64 -13.10
4K2T0K4C 978019.29 11 -7.72 -21.33 26.08 -27.85 1.16 -25.12 -26.66 22.88 -14.15 12.30 -4.50
GH2C 774759.13 7 -1.74 -21.38 5.68 4.98 9.36 -23.27 -19.86
ZCZY 379949.42 20 -13.26 3.31 -14.50 29.73 -21.20 8.86 -16.98 -26.21 25.54 -1.89 -17.12 -29.26 28.93 -25.22 -4.89 7.77 8.12 0.61 -10.95 6.84
6HQ4BXC9F 844969.36 18 2.49 28.87 1.52 -26.15 -29.07 -5.00 8.04 19.18 -15.64 -18.28 -23.17 6.99 -11.62 4.48 19.75 23.29 -27.04 6.82
DD92LFN5SZ 47355.20 12 -7.98 16.63 25.62 22.79 20.45 -27.61 24.80 -28.95 3.43 7.61 21.10 28.15
SAC8SO 189492.43 15 19.78 -17.37 24.53 -7.97 17.11 6.36 15.20 15.03 10.13 29.05 -17.98 -1.09 18.04 -2.42 1.72
NFUKT38LKK 749945.75 8 24.85 14.31 -0.02 0.83 -10.92 22.25 16.63 25.21
KOB3S 597055.68 13 -13.68 10.49 15.97 -14.11 22.62 13.55 0.30 -18.29 -19.50 -2.26 24.44 0.81 -18.90
63KT 998388.75 3 7.36 -25.92 12.18
8KS8Y 512481.63 8 -14.54 -29.74 11.39 -8.25 -27.26 -2.10 24.54 -29.66
QHL5LADHA 737786.49 5 -4.96 -14.58 -23.92 -16.00 -11.38
I39Y1 692089.08 19 21.74 23.86 6.57 -12.07 16.31 -28.33 21.73 24.25 -21.31 25.78 0.80 -14.24 -7.17 -22.50 4.63 12.60 3.35 -29.68 -6.95
KMFKC 127782.23 17 -26.24 -8.16 -6.13 -20.95 -19.60 -1.61 -2.24 29.48 -1.18 3.13 -29.12 -11.42 -5.37 10.53 -10.18 21.11 11.31
343V01 86834.51 12 1.29 28.48 -20.05 12.68 21.26 -29.39 6.87 -12.26 16.45 23.21 3.10 -5.57
04NQG 360243.56 7 -12.02 1.09 -21.77 20.76 -18.28 2.32 28.38
IJQQHOYP 228281.90 6 -19.42 -24.05 -18.22 -26.57 0.25 -15.53
Y9MIDYQH 9222.77 15 16.16 -29.61 18.95 -10.69 -4.62 -17.17 -10.88 -28.04 -25.56 11.13 -5.45 12.33 12.29 18.48 -9.58
9RCFN 812591.29 10 18.67 -6.85 2.76 -27.75 10.18 24.19 -5.66 13.78 21.16 -1.81
LMDSIDEQ7 198494.08 13 -20.31 27.77 19.44 -27.62 16.38 -19.27 -4.91 14.85 -3.32 10.27 8.92 4.75 -24.50
84WQDOV2BJ 172199.01 7 -20.60 6.83 -10.30 -22.97 8.60 4.62 -23.25
7OM2Q34 934283.46 7 -19.19 3.98 -26.05 -6.93 -17.04 -24.32 25.92
2KBW 974979.47 14 5.33 -23.48 6.49 6.15 27.34 -18.44 8.19 17.36 -18.90 19.21 3.16 14.51 0.14 19.60
6KIW4DTH4 682747.29 18 5.64 21.40 26.69 11.27 24.60 -21.60 -7.40 -6.78 24.09 -28.03 5.12 5.84 -19.23 26.62 20.03 16.41 -6.90 28.43
SIK3 40534.85 6 3.49 4.39 -10.98 -26.33 -1.20 4.27
S1H52BVW 667932.54 1 -5.35
098668 997126.12 12 -22.51 22.27 -1.31 18.10 15.91 10.83 25.99 9.14 9.12 5.77 -15.52 -29.00
LNVRLU 590917.87 15 -6.47 -12.34 9.31 -18.59 -13.58 -11.19 -16.90 20.24 -11.00 20.14 -17.24 -21.64 -15.19 28.13 17.30
YKSTP1 775275.52 12 18.71 0.46 2.66 3.20 22.87 -5.91 -11.59 -27.43 9.92 16.86 9.50 -22.74
C86UMVG 919853.47 11 6.14 -27.79 -8.48 6.09 -21.67 29.73 -16.79 8.32 11.00 11.71 -1.71
ZTKA85O 115362.65 2 -26.75 26.93
0EK77B 768072.08 10 13.36 -26.44 -28.63 -23.33 -2.08 24.49 25.99 -10.26 16.79 -1.93
LQ3MX6CZBG 165434.73 15 15.56 17.95 -2.22 12.80 -24.48 -14.85 -8.91 -14.34 13.95 -12.35 -6.01 26.87 13.33 -4.66 16.60
KY7LT6O84 205382.36 16 -4.03 8.56 15.35 -14.90 17.90 19.42 19.18 13.27 -8.83 7.85 -7.36 -13.78 -18.76 26.25 -9.62 -2.67
EV0PS2 939840.66 11 27.91 -2.59 -14.32 -26.55 0.09 -2.34 3.68 6.85 -12.32 11.30 -14.49
ELCKJQ 124982.83 16 6.72 8.03 10.78 26.44 -28.17 0.90 -7.16 -29.05 -20.12 21.64 -14.99 -22.97 -6.00 28.80 -17.30 26.48
NHXUN 756208.28 19 8.69 -19.01 -10.31 12.40 6.25 15.43 -6.01 -29.20 -6.40 24.43 -19.69 -4.37 -13.03 -0.95 -2.69 0.53 22.46 24.00 -23.32
6C82 559080.47 19 -2.92 17.83 -20.01 -13.35 1.56 -17.25 -20.04 8.13 9.45 -7.69 -7.23 -26.71 -12.22 8.57 16.06 -27.18 -25.25 -28.04 26.79
M4JZ 56685.16 9 -22.53 -29.41 15.44 -19.26 19.71 29.13 -8.01 -21.13 -10.99
XVA6I0QPJJ 786001.35 7 -10.58 -8.79 1.70 -23.08 5.70 -8.33 24.53
6PTN8UE 330990.25 15 10.55 22.46 -1.11 -6.41 -12.51 16.33 17.25 -11.28 -11.03 -10.02 -8.77 -11.10 24.58 26.65 -17.03
G7Z0M2QWNN 105390.63 7 16.90 -28.43 23.62 3.80 8.02 -23.84 28.58
N1ZILLRG 937563.20 2 0.54 -16.03
A22JENE6 573323.24 20 2.22 18.77 16.41 25.84 -18.81 -8.57 21.01 5.16 5.65 4.69 -4.18 -8.41 -19.52 4.26 29.47 -19.72 -25.31 3.97 16.73 21.31
1E8HZ 63193.29 7 -23.67 24.01 12.06 -22.04 27.21 -3.03 -20.37
7NA0VWR 493576.58 5 -25.26 20.89 -16.83 19.77 -0.30
3SM3 216072.55 16 -17.54 -24.76 12.70 -24.72 24.59 -19.70 -15.61 -21.84 0.15 22.38 21.66 28.56 18.73 0.59 -24.10 21.39
57EF5 130769.82 11 4.96 2.24 12.34 -11.87 -23.64 22.23 -13.39 21.54 -16.82 0.51 18.25
KTZE8099 800756.99 1 18.45
8KH4T 336255.36 7 0.24 -29.19 -0.60 17.84 -27.83 -13.88 9.71
S4S3A8 297430.42 8 -12.72 22.68 -16.80 -25.06 7.39 17.64 -4.99 -14.00
7MZ9W06U 51285.98 19 7.32 -19.68 26.69 18.74 -27.14 -6.90 -4.39 16.91 18.25 20.65 -8.56 25.46 12.28 -17.14 -19.59 2.20 -15.61 10.94 10.09
