Daniel Cocinero 100
2TBFUJ 845610.65 16 -21.78 5.95 -5.15 11.14 -6.37 -4.29 1.51 20.67 26.30 -18.79 -4.18 -5.82 6.48 -3.15 24.93 24.51
5Z6P92K9 350473.45 6 26.45 23.93 19.53 9.01 18.73 -17.32
JVVQF0AKJA 637298.28 17 -0.43 26.61 28.46 -1.66 24.81 -3.60 -2.04 11.36 28.02 -28.14 14.57 -1.67 18.29 15.68 -11.24 6.99 6.10
UIYBG8T 683264.80 4 7.96 -26.09 -20.79 27.21
WB435HRU 958326.20 17 -23.15 -26.19 -9.62 -13.43 -24.60 -15.22 -6.85 -15.23 -7.63 9.48 8.06 -10.30 -3.95 -16.93 -24.58 -1.60 15.62
XQS8 302543.15 14 -6.78 -2.78 -6.78 6.61 -28.43 15.39 -12.93 22.02 25.50 -8.75 5.19 21.90 -18.22 -12.21
QAGX50 225361.92 7 -11.95 -26.01 3.01 28.98 -27.79 7.71 9.44
5FVDPOJ3NO 704634.13 9 -2.09 -17.74 6.78 9.40 11.48 -23.24 -0.43 -18.46 19.02
AZX1VW 360317.67 18 25.87 8.52 5.67 -6.75 10.10 25.88 1.12 11.43 20.48 11.24 -8.91 -22.12 -23.86 19.23 -19.32 -12.80 9.78 -27.36
BZYZPK 461384.65 14 10.49 -1.17 13.42 29.43 18.13 18.93 -10.27 10.51 -6.80 -6.74 16.17 14.43 -12.00 -28.56
XZI3P88T 994601.43 13 12.30 -1.89 23.20 25.25 -14.28 7.33 0.21 -15.99 24.57 -5.98 -18.52 -6.77 4.55
0LKOJCO 805464.41 13 14.05 10.59 -5.57 2.12 22.30 -12.43 0.02 23.53 -15.89 -8.90 -3.56 -29.81 -4.30
VZJ9 497320.61 3 -11.18 2.81 -16.43
DEL8L 947032.70 5 15.83 0.85 5.16 24.42 -1.65
SYIW63T 881028.56 3 12.72 15.97 -16.71
4LRFCJD 562740.62 19 -1.57 -26.66 25.32 25.03 -25.46 -10.79 25.29 28.28 -1.93 14.17 -1.47 20.82 -12.38 19.93 16.36 19.13 5.66 -7.82 -16.36
DIRUNKEC 312876.12 8 21.69 9.93 15.60 2.39 -21.27 -26.76 -2.85 -20.95
A8HRSEVIJ 277240.49 14 2.62 24.66 -18.93 -21.48 -20.15 -14.23 5.56 -7.88 -2.94 28.73 -1.93 11.65 -23.05 -28.32
TOGFA6GL 56908.73 13 -3.80 -28.84 -0.89 19.78 1.60 8.42 -9.27 11.63 29.82 -26.19 25.52 20.16 26.23
9GU3MN 799547.18 14 3.41 0.42 -26.06 -0.56 27.97 -16.74 -8.20 12.83 11.67 -5.10 -29.16 -16.54 17.51 15.45
RJF6 28596.01 11 -16.98 -25.76 8.55 7.61 -15.46 -12.00 -11.33 -14.02 -15.83 4.25 25.17
V625J5 137132.37 20 10.70 -9.34 -8.49 17.86 1.29 0.95 -9.63 -1.19 1.56 -23.63 17.19 15.13 5.58 -1.56 -19.02 15.82 -10.82 -6.97 -6.80 -27.53
1BK3422A 811927.94 4 13.12 25.57 28.64 9.17
N7FFQ 80010.94 14 29.15 21.13 22.71 -10.78 -6.02 -23.63 -21.63 -8.40 -2.21 -23.38 -15.21 16.16 19.27 -1.99
02YE3XWB0 210965.39 18 6.02 -21.83 -24.09 -21.82 15.81 6.98 -11.17 -15.59 -2.04 14.72 -7.29 -8.22 11.97 -0.15 -4.26 -26.54 -24.31 -1.31
I69LVND 498497.07 4 18.40 -28.86 -21.99 19.97
6855B7H3 925441.01 17 6.48 -16.09 13.90 -21.51 19.36 23.06 17.22 26.81 -14.96 -5.29 11.59 -2.53 -28.42 -0.07 4.17 24.13 -16.13
1JWY32JA 934399.84 2 -27.55 -22.76
7QKHSQDGS 10206.93 7 18.55 -7.28 7.44 26.23 10.14 23.59 -17.81
Z16H 531411.47 6 -9.60 -19.12 -1.64 7.90 -27.30 -18.73
EKK8K9K 485177.39 18 12.63 -10.67 16.34 -20.71 13.20 25.37 -26.04 4.40 18.22 -16.42 -25.12 28.56 -17.84 13.41 22.35 22.73 -25.93 2.44
T7SEI0QE 823058.82 14 -12.45 -23.06 -14.03 -0.40 8.81 16.37 13.27 -10.79 24.35 5.73 -17.49 -15.92 21.62 -12.85
FI2VXAP388 651129.27 6 -22.52 27.62 -2.93 -28.53 -22.69 1.66
7T7K 552013.72 5 16.01 -20.40 -0.27 -18.37 16.59
9T7VIWV1F 971536.54 20 -21.70 6.27 28.91 -19.19 14.33 27.64 -29.97 -13.43 -2.26 1.64 15.36 25.30 -27.39 -9.85 -4.08 -27.81 -22.66 16.77 0.07 4.69
O6MPSXFXU 714155.13 20 -22.03 -19.91 28.83 19.14 20.78 -16.35 -19.20 -17.02 -5.66 13.23 19.68 -14.71 -27.08 -29.38 27.04 1.91 28.44 18.61 5.76 -7.90
UL5883Y 562787.86 17 3.57 -13.40 1.71 6.12 -28.28 4.85 27.48 -22.15 -16.44 0.95 -28.71 -19.93 1.09 11.37 18.20 21.27 -23.84
TT38BB 630656.60 3 -11.83 -20.84 -22.31
JCBKOHK710 950810.44 5 -3.28 -24.99 29.87 -14.48 -15.34
2DEI8AQ 422364.07 16 -24.22 23.28 -26.80 12.66 -17.98 -19.06 1.84 2.87 -13.13 -7.62 -3.42 -3.25 29.44 -13.75 -12.22 24.27
UA44H 767309.72 16 28.09 -25.44 -25.24 -23.50 0.64 -15.61 -14.09 13.24 -9.89 -22.19 -28.65 -27.99 19.48 8.70 -21.56 -11.54
BYNAMB8 441788.55 18 -6.32 -22.79 -23.50 12.64 -16.28 -28.26 -22.53 24.54 -27.97 10.15 -13.80 8.79 -29.18 26.69 15.53 29.10 -3.25 23.72
0RQLJG 124973.46 9 19.31 22.98 -0.16 -19.58 -24.31 19.98 17.88 -14.33 -9.96
9YTRA5H6LX 187521.20 16 16.94 5.49 28.69 8.42 15.50 18.14 -6.52 -27.16 17.75 -16.10 12.30 12.96 -19.32 18.72 -29.55 2.42
RGB3GVS8NB 846937.40 17 19.20 10.36 -21.28 4.69 15.97 17.21 3.87 25.51 22.89 6.15 -0.85 -21.83 -24.99 -24.27 -4.84 -1.50 -15.00
1I1SGOXWW7 387314.08 2 29.61 -6.11
DUBTIMNG 688775.38 3 -23.97 15.68 -21.95
9DQU6I315 165517.48 18 11.90 6.06 8.94 7.04 6.56 -28.76 -18.76 24.89 -24.93 21.14 10.75 17.48 21.18 6.62 -15.18 10.31 28.42 13.52
OCYYRD 161814.46 4 4.55 -7.29 -15.26 -19.28
95C3V 623141.77 9 0.20 8.81 -5.71 10.38 14.87 9.61 -21.40 28.06 4.57
B5V9VECGL 480817.83 5 -18.65 28.67 -12.23 -9.11 5.25
H19L 938287.63 17 23.77 16.41 21.46 -9.86 -12.19 -12.04 7.06 -3.02 -2.29 -16.89 4.10 14.22 -9.75 19.29 6.04 -23.22 -29.24
FK79JW9GB3 669095.49 11 -25.09 17.47 18.69 -12.73 -24.79 27.24 -27.28 -9.92 -5.20 -19.81 -9.25
YBVBTYA 250514.98 10 19.60 26.74 24.77 -28.55 -25.95 10.54 28.25 -10.96 -28.86 26.82
2XN9W1B5 5454.63 1 -11.73
YH8IHOP 868219.25 8 4.19 -15.87 -19.82 21.96 -20.76 26.72 28.71 -13.93
BMZPY35FC3 114361.87 3 -2.69 -14.74 -25.94
HEHXOG 991691.08 12 15.45 26.63 13.58 -27.44 26.79 -4.15 12.31 18.84 3.56 -25.77 15.94 -20.15
ZAWQ 543125.00 6 -8.83 8.28 -0.89 8.38 14.69 3.79
NZGBK4RX 270320.32 5 5.17 8.81 -8.11 9.27 24.42
JHB7W 67424.67 8 -3.25 2.90 8.26 18.54 4.42 7.62 3.57 17.21
40TZSVSW 219825.98 8 7.62 0.64 -14.52 8.28 25.73 28.35 -11.27 -1.18
RMFBC3UX 630946.69 4 -18.61 28.38 9.90 10.14
0JKW1X 516105.43 13 11.79 28.25 -4.64 18.61 -7.29 -16.30 21.46 -15.28 5.68 20.16 -9.90 -23.75 6.44
6QYPTD 172475.02 12 1.22 6.16 27.79 18.84 -6.91 -10.44 -3.29 -16.45 -1.20 3.35 24.17 -20.16
NM4ETP 430913.31 16 1.38 14.98 12.35 14.93 12.51 -11.72 -13.72 -25.25 29.83 -8.09 -0.57 -17.20 27.88 15.28 8.08 15.91
PKFWR 778736.16 9 -8.01 11.75 -15.62 21.23 -16.39 23.66 3.80 20.09 19.93
BPOH11WZ 801664.01 14 25.52 -16.78 14.51 -23.74 -16.88 13.11 -3.88 -15.44 16.50 -27.09 5.69 3.24 -3.22 -10.02
I6QT3UL 537925.12 13 -28.95 -23.86 -24.76 27.59 -4.15 12.92 15.11 -6.34 9.65 24.14 -9.35 -21.53 0.99
OJVGHGLAZD 341005.20 10 21.00 17.88 23.39 -13.05 23.67 -4.49 -28.76 -25.41 -21.40 15.37
3G7U6C 230400.04 4 -14.20 -24.37 -14.03 27.69
P6043R759N 658312.19 11 27.64 -6.50 -6.30 -18.61 -11.07 -13.94 -11.36 -0.04 -23.69 27.22 -15.92
VX2WBTVAKP 109124.31 16 -20.69 15.60 23.82 14.37 29.79 7.70 23.79 -21.79 9.47 -6.39 -18.31 21.90 -9.74 -20.95 -9.47 -11.37
8PG4GS6 613975.45 10 -24.40 -7.74 -13.41 4.66 16.40 27.13 -10.97 10.96 -29.86 25.91
Y68RYHAG 10351.73 7 -16.58 2.75 -6.25 -12.35 21.14 -15.87 14.40
F0Y7Z 959399.96 12 10.29 -2.67 -11.58 16.11 9.36 -2.84 12.58 9.32 -12.40 -21.89 5.80 29.63
RBWL 15553.81 3 -3.17 -20.56 1.62
W9JD64SLFO 770921.34 12 -24.27 9.49 22.38 -10.77 16.83 22.82 -7.84 2.29 8.07 19.36 -1.67 -19.84
CA3VC3BM 805258.12 5 -25.60 -26.73 26.72 -10.70 -9.18
4Q2N 744816.86 8 11.57 -20.50 26.83 18.95 -26.11 29.99 -2.83 18.98
WPW4LG1 123094.93 4 -11.42 21.37 -19.82 -13.27
DXSHO2 768700.88 2 13.70 -17.62
NT8L 862228.35 19 -19.32 0.73 -26.84 -9.13 21.00 -14.61 -6.58 -11.07 -23.33 28.62 14.89 7.62 6.24 26.88 -13.08 -24.23 2.91 21.02 21.06
YM4X 572737.69 6 27.90 -4.64 -8.06 1.94 15.39 21.84
YIDG9CW3 714345.96 18 -9.35 -13.53 -24.40 -9.93 13.33 20.62 -10.86 -29.85 19.38 -15.34 8.73 20.69 -4.70 8.55 23.92 0.43 -11.76 -28.08
2U3M2XDH7 132379.15 6 -13.35 -11.42 -17.78 26.34 0.66 0.67
IWL2F2BA30 232222.76 15 5.06 -12.49 27.71 7.10 29.26 -23.72 24.46 -21.68 26.09 2.97 3.13 -26.73 -21.51 17.93 16.19
C9GLD7JXA 993281.36 7 25.47 -17.04 3.35 9.91 8.64 -29.23 -28.32
TBCYPKV2L 227296.06 8 8.26 24.86 11.48 -8.96 -18.93 1.82 -0.11 -25.10
TUK20Y7 276475.05 3 -8.32 -27.04 -17.78
GJVZO4L 732090.79 4 -13.31 22.19 -14.77 -2.12
0OYA 471916.04 15 -9.29 15.74 -16.83 24.03 24.61 16.34 -21.71 -27.24 -9.91 -29.22 -24.88 22.61 11.13 -1.73 22.52
G1O62SCH 867869.80 3 25.35 21.31 19.27
2I38XH 452313.60 6 -19.92 6.90 -13.70 26.16 26.46 -17.94
BESB6 542333.05 18 26.63 -4.94 -9.91 5.94 -2.53 -5.00 -23.37 -11.12 -28.51 -24.42 -9.25 -1.30 23.96 3.79 21.13 29.08 -5.85 -27.14
O8MTWWCHDG 392656.15 11 -8.84 25.83 21.16 16.75 -28.74 24.56 -14.45 -6.57 9.69 24.28 -25.36
92SECSWTY 671574.90 7 -18.13 4.53 27.16 15.61 -27.06 17.08 -24.53
H26V76YCH 8841.91 9 9.01 11.06 12.12 29.24 0.48 21.74 -25.33 -1.23 -11.16
M6C1 33408.12 5 7.21 4.40 -6.13 6.02 -1.59
35PL 395111.65 6 -16.22 -14.49 20.51 13.35 23.78 19.72
