25 176
56 99 88 72 111 69 19 19 114 47 55 53 32 15 79 78 32 51 72 83 94 86 98 111 81
0 2
0 4
0 5
0 6
0 7
0 8
0 10
0 12
0 13
0 14
0 16
0 20
0 21
0 22
0 23
0 24
1 2
1 3
1 4
1 5
1 6
1 8
1 9
1 11
1 13
1 15
1 16
1 17
1 18
1 19
1 20
1 21
1 22
1 23
2 5
2 6
2 8
2 9
2 12
2 17
2 18
2 19
2 21
2 22
2 23
3 4
3 5
3 6
3 7
3 10
3 11
3 12
3 14
3 15
3 21
3 22
3 24
4 7
4 9
4 10
4 12
4 13
4 14
4 17
4 18
4 19
4 20
4 21
4 22
4 24
5 6
5 7
5 8
5 11
5 15
5 17
5 18
5 19
5 20
5 21
5 22
6 7
6 11
6 12
6 14
6 15
6 17
6 18
6 19
6 20
6 21
6 24
7 12
7 13
7 15
7 17
7 18
7 19
8 12
8 13
8 15
8 17
8 19
8 20
8 21
8 22
9 10
9 12
9 14
9 15
9 16
9 17
9 18
9 21
9 24
10 12
10 13
10 14
10 15
10 21
10 22
10 23
10 24
11 12
11 15
11 18
11 20
11 21
11 22
11 23
11 24
12 13
12 14
12 16
12 20
12 21
12 22
12 23
12 24
13 14
13 15
13 16
13 19
13 20
13 22
14 17
14 18
14 19
14 20
14 22
14 24
15 16
15 18
15 19
15 20
15 24
16 17
16 20
16 23
16 24
17 18
17 19
17 20
17 23
18 19
18 20
18 21
18 23
18 24
19 20
19 21
19 23
20 22
20 24
21 22
22 23
